1.0000000e-07 100000000000000000000
1.0000000e-06 100000000000000000000
1.0000000e-05 100000000000000000000
1.0000000e-04 100000000000000000000
1.0000000e-03 100000000000000000000
1.0000000e-02 100000000000000000000
1.0000000e-01 100000000000000000000
1.0000000e+00 100000000000000000000
4.9999999 100000000000000000000
5 1.36376e-44
5.0115 1.28913e-44
5.0231 1.2186e-44
5.0347 1.15219e-44
5.0463 1.08952e-44
5.0579 1.03063e-44
5.0696 9.74939e-45
5.0813 9.22464e-45
5.093 8.72935e-45
5.1047 8.2619e-45
5.1165 7.82093e-45
5.1283 7.40443e-45
5.1401 7.01122e-45
5.152 6.63981e-45
5.1639 6.28912e-45
5.1758 5.95768e-45
5.1877 5.64467e-45
5.1997 5.34873e-45
5.2117 5.06887e-45
5.2237 4.80443e-45
5.2357 4.55436e-45
5.2478 4.31794e-45
5.2599 4.09421e-45
5.272 3.88254e-45
5.2842 3.68231e-45
5.2964 3.49293e-45
5.3086 3.3135e-45
5.3208 3.14384e-45
5.3331 2.98313e-45
5.3454 2.83088e-45
5.3577 2.68676e-45
5.3701 2.55035e-45
5.3825 2.42103e-45
5.3949 2.29853e-45
5.4073 2.18248e-45
5.4198 2.07253e-45
5.4323 1.96825e-45
5.4448 1.86944e-45
5.4574 1.77578e-45
5.4699 1.68699e-45
5.4826 1.6028e-45
5.4952 1.52295e-45
5.5079 1.44719e-45
5.5206 1.37537e-45
5.5333 1.30718e-45
5.5461 1.24256e-45
5.5589 1.18123e-45
5.5717 1.12299e-45
5.5845 1.06772e-45
5.5974 1.01531e-45
5.6103 9.65531e-46
5.6232 9.18272e-46
5.6362 8.7338e-46
5.6492 8.30765e-46
5.6622 7.90285e-46
5.6753 7.51856e-46
5.6884 7.15402e-46
5.7015 6.80688e-46
5.7146 6.47753e-46
5.7278 6.16479e-46
5.741 5.86754e-46
5.7543 5.58471e-46
5.7675 5.31625e-46
5.7808 5.06115e-46
5.7942 4.81846e-46
5.8075 4.58774e-46
5.8209 4.36852e-46
5.8343 4.16038e-46
5.8478 3.96209e-46
5.8613 3.77369e-46
5.8748 3.59444e-46
5.8884 3.42398e-46
5.9019 3.262e-46
5.9155 3.10782e-46
5.9292 2.96115e-46
5.9429 2.82139e-46
5.9566 2.68862e-46
5.9703 2.56224e-46
5.9841 2.44203e-46
5.9979 2.32776e-46
6.0117 2.21891e-46
6.0256 2.11528e-46
6.0394 2.01668e-46
6.0534 1.92266e-46
6.0673 1.83332e-46
6.0813 1.74821e-46
6.0954 1.6672e-46
6.1094 1.59012e-46
6.1235 1.51659e-46
6.1376 1.44649e-46
6.1518 1.37992e-46
6.166 1.31653e-46
6.1802 1.25597e-46
6.1944 1.19837e-46
6.2087 1.14362e-46
6.223 1.0914e-46
6.2374 1.04142e-46
6.2518 9.94069e-47
6.2662 9.48871e-47
6.2806 9.05771e-47
6.2951 8.64714e-47
6.3096 8.2559e-47
6.3242 7.88278e-47
6.3388 7.5273e-47
6.3534 7.18833e-47
6.368 6.86528e-47
6.3827 6.55727e-47
6.3974 6.26361e-47
6.4122 5.98364e-47
6.427 5.71657e-47
6.4418 5.46195e-47
6.4566 5.21905e-47
6.4715 4.98747e-47
6.4865 4.76652e-47
6.5014 4.55585e-47
6.5164 4.35494e-47
6.5314 4.16309e-47
6.5465 3.98022e-47
6.5616 3.80566e-47
6.5767 3.63923e-47
6.5919 3.48029e-47
6.6071 3.3286e-47
6.6223 3.18389e-47
6.6376 3.04583e-47
6.6529 2.91406e-47
6.6682 2.78826e-47
6.6836 2.66814e-47
6.699 2.55348e-47
6.7145 2.44402e-47
6.73 2.33956e-47
6.7455 2.23975e-47
6.761 2.14452e-47
6.7766 2.05354e-47
6.7923 1.96666e-47
6.8079 1.88373e-47
6.8236 1.80447e-47
6.8394 1.72873e-47
6.8551 1.65649e-47
6.8709 1.58738e-47
6.8868 1.52139e-47
6.9027 1.45832e-47
6.9186 1.39809e-47
6.9345 1.34058e-47
6.9505 1.28558e-47
6.9666 1.23299e-47
6.9826 1.18274e-47
6.9987 1.13475e-47
7.0149 1.0888e-47
7.031 1.04491e-47
7.0473 1.00299e-47
7.0635 9.62861e-48
7.0798 9.24525e-48
7.0961 8.87861e-48
7.1125 8.52757e-48
7.1289 8.19219e-48
7.1453 7.87139e-48
7.1618 7.5647e-48
7.1783 7.27111e-48
7.1949 6.99021e-48
7.2115 6.72157e-48
7.2281 6.46431e-48
7.2448 6.21854e-48
7.2615 5.98292e-48
7.2782 5.7576e-48
7.295 5.54179e-48
7.3118 5.33564e-48
7.3287 5.13793e-48
7.3456 4.9484e-48
7.3625 4.76724e-48
7.3795 4.59373e-48
7.3965 4.42766e-48
7.4136 4.26836e-48
7.4307 4.11603e-48
7.4478 3.96966e-48
7.465 3.82985e-48
7.4822 3.69562e-48
7.4994 3.56719e-48
7.5167 3.44399e-48
7.5341 3.32588e-48
7.5514 3.2127e-48
7.5689 3.10394e-48
7.5863 3.00017e-48
7.6038 2.90021e-48
7.6213 2.80462e-48
7.6389 2.71261e-48
7.6565 2.62472e-48
7.6742 2.5402e-48
7.6919 2.45894e-48
7.7096 2.38116e-48
7.7274 2.30645e-48
7.7452 2.23473e-48
7.7631 2.1659e-48
7.781 2.0996e-48
7.7989 2.03604e-48
7.8169 1.97515e-48
7.8349 1.91656e-48
7.853 1.86022e-48
7.8711 1.80607e-48
7.8893 1.75404e-48
7.9074 1.70407e-48
7.9257 1.65585e-48
7.944 1.6096e-48
7.9623 1.56525e-48
7.9806 1.52226e-48
7.999 1.48109e-48
8.0175 1.44168e-48
8.036 1.40351e-48
8.0545 1.36679e-48
8.0731 1.33125e-48
8.0917 1.29732e-48
8.1104 1.2645e-48
8.1291 1.23277e-48
8.1478 1.20231e-48
8.1666 1.17289e-48
8.1854 1.14469e-48
8.2043 1.11725e-48
8.2232 1.09098e-48
8.2422 1.06564e-48
8.2612 1.04101e-48
8.2802 1.01727e-48
8.2993 9.94488e-49
8.3185 9.72393e-49
8.3377 9.51074e-49
8.3569 9.30453e-49
8.3762 9.10536e-49
8.3955 8.91287e-49
8.4148 8.72674e-49
8.4342 8.54663e-49
8.4537 8.37243e-49
8.4732 8.20383e-49
8.4927 8.04071e-49
8.5123 7.8826e-49
8.5319 7.72957e-49
8.5516 7.58136e-49
8.5713 7.43768e-49
8.5911 7.29846e-49
8.6109 7.16342e-49
8.6308 7.03233e-49
8.6507 6.90528e-49
8.6706 6.78202e-49
8.6906 6.66231e-49
8.7106 6.5461e-49
8.7307 6.43332e-49
8.7509 6.32359e-49
8.771 6.21701e-49
8.7913 6.11336e-49
8.8115 6.01261e-49
8.8319 5.91453e-49
8.8522 5.81925e-49
8.8726 5.7264e-49
8.8931 5.63611e-49
8.9136 5.54802e-49
8.9342 5.46224e-49
8.9548 5.37876e-49
8.9754 5.29737e-49
8.9961 5.2179e-49
9.0169 5.14046e-49
9.0377 5.06488e-49
9.0585 4.99114e-49
9.0794 4.9192e-49
9.1003 4.84889e-49
9.1213 4.78034e-49
9.1423 4.71323e-49
9.1634 4.64769e-49
9.1846 4.58356e-49
9.2057 4.52095e-49
9.227 4.4597e-49
9.2482 4.3998e-49
9.2696 4.3411e-49
9.2909 4.2837e-49
9.3124 4.22747e-49
9.3338 4.17251e-49
9.3554 4.11856e-49
9.3769 4.06572e-49
9.3986 4.01386e-49
9.4202 3.96321e-49
9.442 3.91338e-49
9.4637 3.86461e-49
9.4856 3.81664e-49
9.5074 3.76971e-49
9.5294 3.72356e-49
9.5513 3.6783e-49
9.5734 3.63392e-49
9.5954 3.59029e-49
9.6176 3.54739e-49
9.6397 3.50535e-49
9.662 3.46403e-49
9.6842 3.4233e-49
9.7066 3.3834e-49
9.729 3.34408e-49
9.7514 3.30556e-49
9.7739 3.26749e-49
9.7964 3.23022e-49
9.819 3.19349e-49
9.8417 3.15732e-49
9.8643 3.12179e-49
9.8871 3.08669e-49
9.9099 3.05234e-49
9.9327 3.0184e-49
9.9557 2.98498e-49
9.9786 2.95218e-49
10.002 2.91978e-49
10.025 2.88788e-49
10.048 2.85647e-49
10.071 2.82556e-49
10.094 2.79513e-49
10.117 2.76518e-49
10.141 2.7356e-49
10.164 2.7065e-49
10.188 2.67786e-49
10.211 2.64957e-49
10.235 2.62164e-49
10.258 2.59417e-49
10.282 2.56714e-49
10.306 2.54046e-49
10.329 2.51422e-49
10.353 2.48821e-49
10.377 2.46264e-49
10.401 2.4375e-49
10.425 2.41258e-49
10.449 2.38808e-49
10.473 2.3639e-49
10.497 2.34014e-49
10.522 2.31659e-49
10.546 2.29345e-49
10.57 2.27052e-49
10.594 2.24799e-49
10.619 2.22576e-49
10.643 2.20383e-49
10.668 2.1822e-49
10.693 2.16086e-49
10.717 2.1398e-49
10.742 2.11904e-49
10.767 2.09856e-49
10.791 2.07836e-49
10.816 2.05844e-49
10.841 2.03879e-49
10.866 2.01942e-49
10.891 2.00033e-49
10.916 1.98141e-49
10.942 1.96284e-49
10.967 1.94446e-49
10.992 1.92633e-49
11.018 1.90847e-49
11.043 1.89086e-49
11.068 1.8735e-49
11.094 1.8564e-49
11.12 1.83947e-49
11.145 1.82278e-49
11.171 1.80634e-49
11.197 1.79014e-49
11.222 1.77409e-49
11.248 1.75829e-49
11.274 1.74273e-49
11.3 1.7274e-49
11.326 1.71222e-49
11.352 1.69728e-49
11.379 1.68256e-49
11.405 1.66799e-49
11.431 1.65364e-49
11.458 1.63952e-49
11.484 1.62554e-49
11.51 1.61178e-49
11.537 1.59824e-49
11.564 1.58484e-49
11.59 1.57165e-49
11.617 1.55867e-49
11.644 1.54583e-49
11.671 1.53311e-49
11.697 1.52069e-49
11.724 1.50831e-49
11.752 1.49622e-49
11.779 1.48425e-49
11.806 1.47241e-49
11.833 1.46077e-49
11.86 1.44925e-49
11.888 1.43793e-49
11.915 1.42672e-49
11.943 1.41572e-49
11.97 1.40483e-49
11.998 1.39413e-49
12.025 1.38354e-49
12.053 1.37315e-49
12.081 1.36286e-49
12.109 1.35269e-49
12.137 1.34271e-49
12.165 1.33283e-49
12.193 1.32307e-49
12.221 1.31348e-49
12.249 1.304e-49
12.277 1.29463e-49
12.306 1.28544e-49
12.334 1.27635e-49
12.362 1.26743e-49
12.391 1.25855e-49
12.419 1.24983e-49
12.448 1.24122e-49
12.477 1.23271e-49
12.506 1.22437e-49
12.534 1.21613e-49
12.563 1.20798e-49
12.592 1.19993e-49
12.621 1.19198e-49
12.65 1.18419e-49
12.68 1.17642e-49
12.709 1.16882e-49
12.738 1.16131e-49
12.767 1.15389e-49
12.797 1.14657e-49
12.826 1.1394e-49
12.856 1.13226e-49
12.886 1.1252e-49
12.915 1.1183e-49
12.945 1.11142e-49
12.975 1.1047e-49
13.005 1.09799e-49
13.035 1.09144e-49
13.065 1.08498e-49
13.095 1.07853e-49
13.125 1.07224e-49
13.156 1.06596e-49
13.186 1.05983e-49
13.216 1.05372e-49
13.247 1.04775e-49
13.277 1.0418e-49
13.308 1.03594e-49
13.339 1.03015e-49
13.369 1.02445e-49
13.4 1.01882e-49
13.431 1.01328e-49
13.462 1.00781e-49
13.493 1.00236e-49
13.524 9.97044e-50
13.555 9.91746e-50
13.587 9.86525e-50
13.618 9.81381e-50
13.649 9.76313e-50
13.681 9.71257e-50
13.712 9.66277e-50
13.744 9.61372e-50
13.776 9.56541e-50
13.808 9.51784e-50
13.839 9.47039e-50
13.871 9.42367e-50
13.903 9.37768e-50
13.935 9.33241e-50
13.968 9.28726e-50
14 9.24282e-50
14.032 9.19909e-50
14.064 9.15547e-50
14.097 9.11255e-50
14.129 9.07034e-50
14.162 9.02882e-50
14.195 8.9874e-50
14.227 8.94668e-50
14.26 8.90605e-50
14.293 8.8661e-50
14.326 8.82684e-50
14.359 8.78767e-50
14.392 8.74917e-50
14.425 8.71135e-50
14.459 8.67361e-50
14.492 8.63655e-50
14.525 8.59956e-50
14.559 8.56323e-50
14.592 8.52757e-50
14.626 8.49198e-50
14.66 8.45705e-50
14.694 8.42218e-50
14.727 8.38797e-50
14.761 8.35383e-50
14.795 8.32034e-50
14.83 8.28749e-50
14.864 8.2547e-50
14.898 8.22256e-50
14.932 8.19047e-50
14.967 8.15845e-50
15.001 8.12706e-50
15.036 8.0963e-50
15.071 8.0656e-50
15.105 8.03552e-50
15.14 8.0055e-50
15.175 7.97554e-50
15.21 7.9462e-50
15.245 7.91747e-50
15.28 7.8888e-50
15.316 7.86017e-50
15.351 7.83216e-50
15.386 7.8042e-50
15.422 7.77685e-50
15.457 7.74954e-50
15.493 7.72284e-50
15.529 7.69619e-50
15.564 7.67013e-50
15.6 7.64412e-50
15.636 7.61815e-50
15.672 7.59278e-50
15.709 7.56745e-50
15.745 7.54216e-50
15.781 7.51747e-50
15.817 7.49336e-50
15.854 7.46929e-50
15.89 7.44526e-50
15.927 7.42127e-50
15.964 7.39786e-50
16.001 7.37448e-50
16.038 7.35169e-50
16.075 7.32893e-50
16.112 7.30675e-50
16.149 7.28406e-50
16.186 7.26249e-50
16.223 7.2404e-50
16.261 7.21889e-50
16.298 7.19742e-50
16.336 7.17597e-50
16.374 7.15509e-50
16.411 7.13478e-50
16.449 7.11396e-50
16.487 7.0937e-50
16.525 7.07347e-50
16.563 7.0538e-50
16.601 7.03363e-50
16.64 7.01402e-50
16.678 6.99497e-50
16.716 6.97594e-50
16.755 6.95693e-50
16.794 6.93796e-50
16.832 6.91953e-50
16.871 6.90113e-50
16.91 6.88275e-50
16.949 6.8644e-50
16.988 6.8466e-50
17.027 6.82881e-50
17.067 6.81158e-50
17.106 6.79384e-50
17.145 6.77665e-50
17.185 6.76e-50
17.225 6.74285e-50
17.264 6.72624e-50
17.304 6.70965e-50
17.344 6.69309e-50
17.384 6.67706e-50
17.424 6.66053e-50
17.464 6.64454e-50
17.505 6.62908e-50
17.545 6.61313e-50
17.585 6.59771e-50
17.626 6.5823e-50
17.667 6.56692e-50
17.707 6.55206e-50
17.748 6.53723e-50
17.789 6.52241e-50
17.83 6.5076e-50
17.871 6.49281e-50
17.912 6.47855e-50
17.954 6.46431e-50
17.995 6.45008e-50
18.037 6.43586e-50
18.078 6.42217e-50
18.12 6.40849e-50
18.162 6.39483e-50
18.204 6.38118e-50
18.246 6.36805e-50
18.288 6.35443e-50
18.33 6.34133e-50
18.372 6.32824e-50
18.414 6.31517e-50
18.457 6.30261e-50
18.499 6.28956e-50
18.542 6.27703e-50
18.585 6.26451e-50
18.628 6.2525e-50
18.671 6.24e-50
18.714 6.22802e-50
18.757 6.21605e-50
18.8 6.20408e-50
18.844 6.19213e-50
18.887 6.1802e-50
18.931 6.16877e-50
18.974 6.15685e-50
19.018 6.14544e-50
19.062 6.13404e-50
19.106 6.12315e-50
19.15 6.11177e-50
19.194 6.1009e-50
19.238 6.09004e-50
19.283 6.07869e-50
19.327 6.06834e-50
19.372 6.05751e-50
19.416 6.04668e-50
19.461 6.03636e-50
19.506 6.02604e-50
19.551 6.01574e-50
19.596 6.00544e-50
19.641 5.99515e-50
19.686 5.98487e-50
19.732 5.97509e-50
19.777 5.96532e-50
19.823 5.95506e-50
19.869 5.94531e-50
19.915 5.93604e-50
19.96 5.9263e-50
20.006 5.91657e-50
20.053 5.90733e-50
20.099 5.8981e-50
20.145 5.88887e-50
20.192 5.87966e-50
20.238 5.87044e-50
20.285 5.86124e-50
20.332 5.85204e-50
20.379 5.84334e-50
20.426 5.83464e-50
20.473 5.82595e-50
20.52 5.81678e-50
20.567 5.80858e-50
20.615 5.79991e-50
20.662 5.79124e-50
20.71 5.78306e-50
20.758 5.77441e-50
20.805 5.76624e-50
20.853 5.75808e-50
20.901 5.74992e-50
20.95 5.74177e-50
20.998 5.73363e-50
21.046 5.72549e-50
21.095 5.71784e-50
21.144 5.70971e-50
21.192 5.70207e-50
21.241 5.69443e-50
21.29 5.68679e-50
21.339 5.67917e-50
21.389 5.67154e-50
21.438 5.66392e-50
21.487 5.65631e-50
21.537 5.64918e-50
21.586 5.64205e-50
21.636 5.63445e-50
21.686 5.62733e-50
21.736 5.62022e-50
21.786 5.61311e-50
21.837 5.606e-50
21.887 5.5989e-50
21.937 5.59181e-50
21.988 5.58519e-50
22.039 5.5781e-50
22.089 5.57149e-50
22.14 5.56488e-50
22.191 5.55781e-50
22.243 5.55121e-50
22.294 5.54461e-50
22.345 5.53802e-50
22.397 5.5319e-50
22.449 5.52532e-50
22.5 5.51874e-50
22.552 5.51263e-50
22.604 5.50606e-50
22.656 5.49996e-50
22.709 5.49387e-50
22.761 5.48731e-50
22.813 5.48122e-50
22.866 5.47513e-50
22.919 5.46905e-50
22.972 5.46344e-50
23.025 5.45736e-50
23.078 5.45129e-50
23.131 5.44569e-50
23.184 5.43962e-50
23.238 5.43403e-50
23.291 5.42797e-50
23.345 5.42238e-50
23.399 5.41679e-50
23.453 5.41121e-50
23.507 5.40562e-50
23.561 5.40005e-50
23.615 5.39447e-50
23.67 5.3889e-50
23.724 5.38379e-50
23.779 5.37822e-50
23.834 5.37266e-50
23.889 5.36756e-50
23.944 5.36247e-50
23.999 5.35691e-50
24.055 5.35182e-50
24.11 5.34673e-50
24.166 5.34165e-50
24.221 5.33656e-50
24.277 5.33148e-50
24.333 5.3264e-50
24.389 5.32133e-50
24.446 5.31625e-50
24.502 5.31118e-50
24.558 5.30657e-50
24.615 5.30151e-50
24.672 5.2969e-50
24.729 5.29184e-50
24.786 5.28724e-50
24.843 5.28264e-50
24.9 5.27759e-50
24.958 5.27299e-50
25.015 5.2684e-50
25.073 5.26381e-50
25.131 5.25922e-50
25.189 5.25464e-50
25.247 5.25006e-50
25.305 5.24593e-50
25.363 5.24135e-50
25.422 5.23677e-50
25.48 5.23266e-50
25.539 5.22808e-50
25.598 5.22351e-50
25.657 5.2194e-50
25.716 5.21529e-50
25.776 5.21072e-50
25.835 5.20661e-50
25.895 5.2025e-50
25.954 5.1984e-50
26.014 5.1943e-50
26.074 5.1902e-50
26.134 5.1861e-50
26.194 5.182e-50
26.255 5.1779e-50
26.315 5.17381e-50
26.376 5.16971e-50
26.437 5.16562e-50
26.498 5.16198e-50
26.559 5.1579e-50
26.62 5.15426e-50
26.682 5.15018e-50
26.743 5.14655e-50
26.805 5.14246e-50
26.867 5.13884e-50
26.929 5.13521e-50
26.991 5.13113e-50
27.053 5.12751e-50
27.115 5.12388e-50
27.178 5.12026e-50
27.241 5.11664e-50
27.303 5.11303e-50
27.366 5.10941e-50
27.429 5.10579e-50
27.493 5.10218e-50
27.556 5.09856e-50
27.62 5.09495e-50
27.683 5.09179e-50
27.747 5.08818e-50
27.811 5.08457e-50
27.875 5.08142e-50
27.94 5.07781e-50
28.004 5.07421e-50
28.069 5.07105e-50
28.133 5.0679e-50
28.198 5.0643e-50
28.263 5.06115e-50
28.328 5.05755e-50
28.394 5.0544e-50
28.459 5.05126e-50
28.525 5.04811e-50
28.591 5.04497e-50
28.656 5.04182e-50
28.723 5.03868e-50
28.789 5.03509e-50
28.855 5.03239e-50
28.922 5.02925e-50
28.988 5.02612e-50
29.055 5.02298e-50
29.122 5.01984e-50
29.189 5.0167e-50
29.257 5.01357e-50
29.324 5.01088e-50
29.392 5.00775e-50
29.46 5.00462e-50
29.528 5.00193e-50
29.596 4.9988e-50
29.664 4.99612e-50
29.732 4.99299e-50
29.801 4.99031e-50
29.87 4.98718e-50
29.938 4.9845e-50
30.007 4.98182e-50
30.077 4.9787e-50
30.146 4.97602e-50
30.216 4.97335e-50
30.285 4.97067e-50
30.355 4.96755e-50
30.425 4.96488e-50
30.495 4.9622e-50
30.566 4.95953e-50
30.636 4.95686e-50
30.707 4.95419e-50
30.777 4.95152e-50
30.848 4.94885e-50
30.92 4.94618e-50
30.991 4.94351e-50
31.062 4.94084e-50
31.134 4.93862e-50
31.206 4.93595e-50
31.278 4.93329e-50
31.35 4.93062e-50
31.422 4.9284e-50
31.495 4.92574e-50
31.567 4.92307e-50
31.64 4.92085e-50
31.713 4.91819e-50
31.786 4.91598e-50
31.859 4.91332e-50
31.933 4.9111e-50
32.007 4.90844e-50
32.08 4.90623e-50
32.154 4.90357e-50
32.228 4.90135e-50
32.303 4.89914e-50
32.377 4.89648e-50
32.452 4.89427e-50
32.527 4.89206e-50
32.602 4.88985e-50
32.677 4.88719e-50
32.752 4.88498e-50
32.828 4.88277e-50
32.904 4.88056e-50
32.979 4.87836e-50
33.055 4.87615e-50
33.132 4.87394e-50
33.208 4.87173e-50
33.285 4.86952e-50
33.361 4.86732e-50
33.438 4.86511e-50
33.515 4.86291e-50
33.593 4.8607e-50
33.67 4.8585e-50
33.748 4.85629e-50
33.826 4.85453e-50
33.904 4.85233e-50
33.982 4.85013e-50
34.06 4.84792e-50
34.139 4.84616e-50
34.218 4.84396e-50
34.296 4.84176e-50
34.376 4.84e-50
34.455 4.8378e-50
34.534 4.8356e-50
34.614 4.83384e-50
34.694 4.83164e-50
34.774 4.82989e-50
34.854 4.82769e-50
34.934 4.82593e-50
35.015 4.82373e-50
35.096 4.82198e-50
35.176 4.82022e-50
35.258 4.81803e-50
35.339 4.81627e-50
35.42 4.81407e-50
35.502 4.81232e-50
35.584 4.81056e-50
35.666 4.80881e-50
35.748 4.80662e-50
35.831 4.80486e-50
35.913 4.80311e-50
35.996 4.80136e-50
36.079 4.7996e-50
36.162 4.79741e-50
36.246 4.79566e-50
36.329 4.79391e-50
36.413 4.79216e-50
36.497 4.79041e-50
36.581 4.78866e-50
36.666 4.78691e-50
36.75 4.78516e-50
36.835 4.78341e-50
36.92 4.78166e-50
37.005 4.77991e-50
37.09 4.77816e-50
37.176 4.77641e-50
37.262 4.77466e-50
37.347 4.77291e-50
37.434 4.7716e-50
37.52 4.76986e-50
37.606 4.76811e-50
37.693 4.76636e-50
37.78 4.76462e-50
37.867 4.76331e-50
37.955 4.76156e-50
38.042 4.75981e-50
38.13 4.75807e-50
38.218 4.75676e-50
38.306 4.75502e-50
38.394 4.75327e-50
38.483 4.75196e-50
38.571 4.75022e-50
38.66 4.74891e-50
38.75 4.74717e-50
38.839 4.74543e-50
38.928 4.74412e-50
39.018 4.74238e-50
39.108 4.74107e-50
39.198 4.73933e-50
39.289 4.73802e-50
39.379 4.73628e-50
39.47 4.73498e-50
39.561 4.73324e-50
39.652 4.73193e-50
39.744 4.73062e-50
39.836 4.72889e-50
39.927 4.72758e-50
40.019 4.72628e-50
40.112 4.72454e-50
40.204 4.72323e-50
40.297 4.72193e-50
40.39 4.72019e-50
40.483 4.71889e-50
40.576 4.71758e-50
40.67 4.71628e-50
40.764 4.71454e-50
40.858 4.71324e-50
40.952 4.71194e-50
41.046 4.71064e-50
41.141 4.70933e-50
41.236 4.7076e-50
41.331 4.7063e-50
41.426 4.70499e-50
41.522 4.70369e-50
41.618 4.70239e-50
41.714 4.70109e-50
41.81 4.69979e-50
41.906 4.69849e-50
42.003 4.69719e-50
42.1 4.69589e-50
42.197 4.69459e-50
42.294 4.69329e-50
42.392 4.69199e-50
42.489 4.69069e-50
42.587 4.68939e-50
42.686 4.68809e-50
42.784 4.68679e-50
42.883 4.68549e-50
42.981 4.68419e-50
43.081 4.6829e-50
43.18 4.6816e-50
43.28 4.68073e-50
43.379 4.67943e-50
43.479 4.67814e-50
43.58 4.67684e-50
43.68 4.67554e-50
43.781 4.67468e-50
43.882 4.67338e-50
43.983 4.67208e-50
44.084 4.67079e-50
44.186 4.66949e-50
44.288 4.66862e-50
44.39 4.66733e-50
44.492 4.66603e-50
44.595 4.66517e-50
44.698 4.66387e-50
44.801 4.66258e-50
44.904 4.66171e-50
45.008 4.66042e-50
45.112 4.65912e-50
45.216 4.65826e-50
45.32 4.65696e-50
45.424 4.6561e-50
45.529 4.65481e-50
45.634 4.65351e-50
45.739 4.65265e-50
45.845 4.65135e-50
45.951 4.65049e-50
46.057 4.6492e-50
46.163 4.64834e-50
46.269 4.64704e-50
46.376 4.64618e-50
46.483 4.64489e-50
46.59 4.64402e-50
46.697 4.64273e-50
46.805 4.64187e-50
46.913 4.64058e-50
47.021 4.63972e-50
47.13 4.63885e-50
47.238 4.63756e-50
47.347 4.6367e-50
47.457 4.63541e-50
47.566 4.63455e-50
47.676 4.63369e-50
47.786 4.6324e-50
47.896 4.63153e-50
48.006 4.63067e-50
48.117 4.62938e-50
48.228 4.62852e-50
48.339 4.62766e-50
48.451 4.6268e-50
48.562 4.62551e-50
48.674 4.62465e-50
48.787 4.62379e-50
48.899 4.6225e-50
49.012 4.62164e-50
49.125 4.62078e-50
49.238 4.61992e-50
49.352 4.61906e-50
49.465 4.61777e-50
49.579 4.61691e-50
49.694 4.61605e-50
49.808 4.61519e-50
49.923 4.61433e-50
50.038 4.61347e-50
50.154 4.61219e-50
50.269 4.61133e-50
50.385 4.61047e-50
50.502 4.60961e-50
50.618 4.60875e-50
50.735 4.60789e-50
50.852 4.60703e-50
50.969 4.60617e-50
51.087 4.60532e-50
51.204 4.60446e-50
51.322 4.6036e-50
51.441 4.60274e-50
51.559 4.60188e-50
51.678 4.6006e-50
51.797 4.59974e-50
51.917 4.59888e-50
52.037 4.59802e-50
52.157 4.59759e-50
52.277 4.59674e-50
52.397 4.59588e-50
52.518 4.59502e-50
52.639 4.59416e-50
52.761 4.59331e-50
52.882 4.59245e-50
53.004 4.59159e-50
53.127 4.59073e-50
53.249 4.58988e-50
53.372 4.58902e-50
53.495 4.58816e-50
53.618 4.58731e-50
53.742 4.58688e-50
53.866 4.58602e-50
53.99 4.58517e-50
54.115 4.58431e-50
54.239 4.58345e-50
54.365 4.5826e-50
54.49 4.58174e-50
54.616 4.58131e-50
54.741 4.58046e-50
54.868 4.5796e-50
54.994 4.57874e-50
55.121 4.57789e-50
55.248 4.57746e-50
55.376 4.5766e-50
55.503 4.57575e-50
55.631 4.57489e-50
55.76 4.57447e-50
55.888 4.57361e-50
56.017 4.57275e-50
56.146 4.57233e-50
56.276 4.57147e-50
56.405 4.57062e-50
56.535 4.56976e-50
56.666 4.56933e-50
56.797 4.56848e-50
56.928 4.56762e-50
57.059 4.5672e-50
57.19 4.56634e-50
57.322 4.56549e-50
57.454 4.56506e-50
57.587 4.5642e-50
57.72 4.56335e-50
57.853 4.56292e-50
57.986 4.56207e-50
58.12 4.56164e-50
58.254 4.56079e-50
58.388 4.55993e-50
58.523 4.55951e-50
58.658 4.55865e-50
58.793 4.55822e-50
58.929 4.55737e-50
59.065 4.55652e-50
59.201 4.55609e-50
59.337 4.55524e-50
59.474 4.55481e-50
59.611 4.55396e-50
59.749 4.55353e-50
59.887 4.55268e-50
60.025 4.55225e-50
60.163 4.5514e-50
60.302 4.55097e-50
60.441 4.55012e-50
60.58 4.54969e-50
60.72 4.54884e-50
60.86 4.54841e-50
61 4.54756e-50
61.141 4.54713e-50
61.282 4.54628e-50
61.423 4.54585e-50
61.565 4.54542e-50
61.707 4.54457e-50
61.849 4.54414e-50
61.992 4.54329e-50
62.135 4.54287e-50
62.278 4.54201e-50
62.422 4.54159e-50
62.566 4.54116e-50
62.71 4.54031e-50
62.855 4.53988e-50
62.999 4.53903e-50
63.145 4.5386e-50
63.29 4.53818e-50
63.436 4.53733e-50
63.583 4.5369e-50
63.729 4.53647e-50
63.876 4.53562e-50
64.023 4.5352e-50
64.171 4.53477e-50
64.319 4.53392e-50
64.467 4.53349e-50
64.616 4.53307e-50
64.765 4.53222e-50
64.914 4.53179e-50
65.064 4.53136e-50
65.214 4.53051e-50
65.365 4.53009e-50
65.515 4.52966e-50
65.666 4.52924e-50
65.818 4.52838e-50
65.97 4.52796e-50
66.122 4.52753e-50
66.274 4.52711e-50
66.427 4.52626e-50
66.58 4.52583e-50
66.734 4.52541e-50
66.888 4.52498e-50
67.042 4.52413e-50
67.196 4.5237e-50
67.351 4.52328e-50
67.507 4.52285e-50
67.662 4.52243e-50
67.818 4.52158e-50
67.975 4.52115e-50
68.132 4.52073e-50
68.289 4.5203e-50
68.446 4.51988e-50
68.604 4.51945e-50
68.762 4.5186e-50
68.921 4.51818e-50
69.08 4.51775e-50
69.239 4.51733e-50
69.399 4.5169e-50
69.559 4.51648e-50
69.719 4.51562e-50
69.88 4.5152e-50
70.041 4.51478e-50
70.202 4.51435e-50
70.364 4.51393e-50
70.527 4.5135e-50
70.689 4.51308e-50
70.852 4.51265e-50
71.016 4.51223e-50
71.179 4.5118e-50
71.344 4.51095e-50
71.508 4.51053e-50
71.673 4.5101e-50
71.838 4.50968e-50
72.004 4.50925e-50
72.17 4.50883e-50
72.336 4.5084e-50
72.503 4.50798e-50
72.67 4.50755e-50
72.838 4.50713e-50
73.006 4.5067e-50
73.174 4.50628e-50
73.343 4.50586e-50
73.512 4.50543e-50
73.682 4.50501e-50
73.852 4.50458e-50
74.022 4.50416e-50
74.193 4.50373e-50
74.364 4.50331e-50
74.535 4.50288e-50
74.707 4.50246e-50
74.879 4.50204e-50
75.052 4.50161e-50
75.225 4.50119e-50
75.399 4.50076e-50
75.572 4.50034e-50
75.747 4.49991e-50
75.921 4.49949e-50
76.096 4.49907e-50
76.272 4.49864e-50
76.448 4.49822e-50
76.624 4.49779e-50
76.801 4.49779e-50
76.978 4.49737e-50
77.155 4.49694e-50
77.333 4.49652e-50
77.512 4.4961e-50
77.69 4.49567e-50
77.87 4.49525e-50
78.049 4.49482e-50
78.229 4.4944e-50
78.409 4.49398e-50
78.59 4.49355e-50
78.772 4.49355e-50
78.953 4.49313e-50
79.135 4.4927e-50
79.318 4.49228e-50
79.501 4.49186e-50
79.684 4.49143e-50
79.868 4.49101e-50
80.052 4.49101e-50
80.236 4.49058e-50
80.421 4.49016e-50
80.607 4.48974e-50
80.793 4.48931e-50
80.979 4.48889e-50
81.166 4.48889e-50
81.353 4.48847e-50
81.541 4.48804e-50
81.729 4.48762e-50
81.917 4.48719e-50
82.106 4.48719e-50
82.295 4.48677e-50
82.485 4.48635e-50
82.675 4.48592e-50
82.866 4.4855e-50
83.057 4.4855e-50
83.249 4.48508e-50
83.441 4.48465e-50
83.633 4.48423e-50
83.826 4.48423e-50
84.019 4.48381e-50
84.213 4.48338e-50
84.407 4.48296e-50
84.602 4.48296e-50
84.797 4.48254e-50
84.992 4.48211e-50
85.188 4.48169e-50
85.385 4.48169e-50
85.582 4.48127e-50
85.779 4.48084e-50
85.977 4.48084e-50
86.175 4.48042e-50
86.374 4.48e-50
86.573 4.47957e-50
86.773 4.47957e-50
86.973 4.47915e-50
87.173 4.47873e-50
87.374 4.47873e-50
87.576 4.4783e-50
87.778 4.47788e-50
87.98 4.47788e-50
88.183 4.47746e-50
88.386 4.47703e-50
88.59 4.47703e-50
88.795 4.47661e-50
88.999 4.47619e-50
89.205 4.47619e-50
89.41 4.47576e-50
89.616 4.47534e-50
89.823 4.47534e-50
90.03 4.47492e-50
90.238 4.47449e-50
90.446 4.47449e-50
90.655 4.47407e-50
90.864 4.47407e-50
91.073 4.47365e-50
91.283 4.47322e-50
91.494 4.47322e-50
91.705 4.4728e-50
91.916 4.47238e-50
92.128 4.47238e-50
92.34 4.47196e-50
92.553 4.47196e-50
92.767 4.47153e-50
92.981 4.47153e-50
93.195 4.47111e-50
93.41 4.47069e-50
93.625 4.47069e-50
93.841 4.47026e-50
94.058 4.47026e-50
94.275 4.46984e-50
94.492 4.46984e-50
94.71 4.46942e-50
94.928 4.469e-50
95.147 4.469e-50
95.367 4.46857e-50
95.587 4.46857e-50
95.807 4.46815e-50
96.028 4.46815e-50
96.249 4.46773e-50
96.471 4.46773e-50
96.694 4.4673e-50
96.917 4.4673e-50
97.14 4.46688e-50
97.364 4.46688e-50
97.589 4.46646e-50
97.814 4.46646e-50
98.039 4.46604e-50
98.266 4.46604e-50
98.492 4.46561e-50
98.719 4.46561e-50
98.947 4.46519e-50
99.175 4.46519e-50
99.404 4.46477e-50
99.633 4.46477e-50
99.863 4.46435e-50
100.09 4.46435e-50
100.32 4.46392e-50
100.56 4.46392e-50
100.79 4.46392e-50
101.02 4.4635e-50
101.25 4.4635e-50
101.49 4.46308e-50
101.72 4.46308e-50
101.95 4.46266e-50
102.19 4.46266e-50
102.43 4.46223e-50
102.66 4.46223e-50
102.9 4.46223e-50
103.14 4.46181e-50
103.37 4.46181e-50
103.61 4.46139e-50
103.85 4.46139e-50
104.09 4.46139e-50
104.33 4.46097e-50
104.57 4.46097e-50
104.81 4.46054e-50
105.05 4.46054e-50
105.3 4.46054e-50
105.54 4.46012e-50
105.78 4.46012e-50
106.03 4.46012e-50
106.27 4.4597e-50
106.52 4.4597e-50
106.76 4.45928e-50
107.01 4.45928e-50
107.25 4.45928e-50
107.5 4.45885e-50
107.75 4.45885e-50
108 4.45885e-50
108.25 4.45843e-50
108.5 4.45843e-50
108.75 4.45843e-50
109 4.45801e-50
109.25 4.45801e-50
109.5 4.45801e-50
109.75 4.45759e-50
110.01 4.45759e-50
110.26 4.45759e-50
110.51 4.45717e-50
110.77 4.45717e-50
111.02 4.45717e-50
111.28 4.45717e-50
111.54 4.45674e-50
111.79 4.45674e-50
112.05 4.45674e-50
112.31 4.45632e-50
112.57 4.45632e-50
112.83 4.45632e-50
113.09 4.45632e-50
113.35 4.4559e-50
113.61 4.4559e-50
113.87 4.4559e-50
114.14 4.4559e-50
114.4 4.45548e-50
114.66 4.45548e-50
114.93 4.45548e-50
115.19 4.45548e-50
115.46 4.45505e-50
115.72 4.45505e-50
115.99 4.45505e-50
116.26 4.45505e-50
116.53 4.45463e-50
116.8 4.45463e-50
117.06 4.45463e-50
117.33 4.45463e-50
117.61 4.45463e-50
117.88 4.45421e-50
118.15 4.45421e-50
118.42 4.45421e-50
118.69 4.45421e-50
118.97 4.45421e-50
119.24 4.45379e-50
119.52 4.45379e-50
119.79 4.45379e-50
120.07 4.45379e-50
120.35 4.45379e-50
120.62 4.45379e-50
120.9 4.45337e-50
121.18 4.45337e-50
121.46 4.45337e-50
121.74 4.45337e-50
122.02 4.45337e-50
122.3 4.45337e-50
122.58 4.45294e-50
122.87 4.45294e-50
123.15 4.45294e-50
123.43 4.45294e-50
123.72 4.45294e-50
124 4.45294e-50
124.29 4.45294e-50
124.58 4.45294e-50
124.86 4.45252e-50
125.15 4.45252e-50
125.44 4.45252e-50
125.73 4.45252e-50
126.02 4.45252e-50
126.31 4.45252e-50
126.6 4.45252e-50
126.89 4.45252e-50
127.19 4.45252e-50
127.48 4.45252e-50
127.77 4.45252e-50
128.07 4.4521e-50
128.36 4.4521e-50
128.66 4.4521e-50
128.96 4.4521e-50
129.25 4.4521e-50
129.55 4.4521e-50
129.85 4.4521e-50
130.15 4.4521e-50
130.45 4.4521e-50
130.75 4.4521e-50
131.05 4.4521e-50
131.35 4.4521e-50
131.66 4.4521e-50
131.96 4.4521e-50
132.26 4.4521e-50
132.57 4.4521e-50
132.88 4.4521e-50
133.18 4.4521e-50
133.49 4.4521e-50
133.8 4.4521e-50
134.11 4.4521e-50
134.41 4.4521e-50
134.72 4.4521e-50
135.04 4.4521e-50
135.35 4.4521e-50
135.66 4.4521e-50
135.97 4.4521e-50
136.29 4.4521e-50
136.6 4.4521e-50
136.91 4.4521e-50
137.23 4.4521e-50
137.55 4.4521e-50
137.86 4.4521e-50
138.18 4.4521e-50
138.5 4.4521e-50
138.82 4.4521e-50
139.14 4.4521e-50
139.46 4.45252e-50
139.78 4.45252e-50
140.1 4.45252e-50
140.43 4.45252e-50
140.75 4.45252e-50
141.08 4.45252e-50
141.4 4.45252e-50
141.73 4.45252e-50
142.05 4.45252e-50
142.38 4.45252e-50
142.71 4.45294e-50
143.04 4.45294e-50
143.37 4.45294e-50
143.7 4.45294e-50
144.03 4.45294e-50
144.36 4.45294e-50
144.7 4.45294e-50
145.03 4.45294e-50
145.36 4.45337e-50
145.7 4.45337e-50
146.04 4.45337e-50
146.37 4.45337e-50
146.71 4.45337e-50
147.05 4.45337e-50
147.39 4.45379e-50
147.73 4.45379e-50
148.07 4.45379e-50
148.41 4.45379e-50
148.75 4.45379e-50
149.09 4.45379e-50
149.44 4.45421e-50
149.78 4.45421e-50
150.13 4.45421e-50
150.47 4.45421e-50
150.82 4.45463e-50
151.17 4.45463e-50
151.52 4.45463e-50
151.87 4.45463e-50
152.22 4.45463e-50
152.57 4.45505e-50
152.92 4.45505e-50
153.27 4.45505e-50
153.63 4.45505e-50
153.98 4.45548e-50
154.34 4.45548e-50
154.69 4.45548e-50
155.05 4.45548e-50
155.41 4.4559e-50
155.76 4.4559e-50
156.12 4.4559e-50
156.48 4.45632e-50
156.84 4.45632e-50
157.21 4.45632e-50
157.57 4.45632e-50
157.93 4.45674e-50
158.3 4.45674e-50
158.66 4.45674e-50
159.03 4.45717e-50
159.39 4.45717e-50
159.76 4.45717e-50
160.13 4.45759e-50
160.5 4.45759e-50
160.87 4.45759e-50
161.24 4.45801e-50
161.61 4.45801e-50
161.98 4.45801e-50
162.36 4.45843e-50
162.73 4.45843e-50
163.11 4.45885e-50
163.48 4.45885e-50
163.86 4.45885e-50
164.24 4.45928e-50
164.62 4.45928e-50
165 4.45928e-50
165.38 4.4597e-50
165.76 4.4597e-50
166.14 4.46012e-50
166.52 4.46012e-50
166.91 4.46054e-50
167.29 4.46054e-50
167.68 4.46054e-50
168.07 4.46097e-50
168.45 4.46097e-50
168.84 4.46139e-50
169.23 4.46139e-50
169.62 4.46181e-50
170.01 4.46181e-50
170.4 4.46223e-50
170.8 4.46223e-50
171.19 4.46223e-50
171.59 4.46266e-50
171.98 4.46266e-50
172.38 4.46308e-50
172.78 4.46308e-50
173.17 4.4635e-50
173.57 4.4635e-50
173.97 4.46392e-50
174.37 4.46392e-50
174.78 4.46435e-50
175.18 4.46477e-50
175.58 4.46477e-50
175.99 4.46519e-50
176.39 4.46519e-50
176.8 4.46561e-50
177.21 4.46561e-50
177.62 4.46604e-50
178.03 4.46604e-50
178.44 4.46646e-50
178.85 4.46646e-50
179.26 4.46688e-50
179.68 4.4673e-50
180.09 4.4673e-50
180.5 4.46773e-50
180.92 4.46773e-50
181.34 4.46815e-50
181.76 4.46857e-50
182.18 4.46857e-50
182.6 4.469e-50
183.02 4.46942e-50
183.44 4.46942e-50
183.86 4.46984e-50
184.29 4.47026e-50
184.71 4.47026e-50
185.14 4.47069e-50
185.56 4.47069e-50
185.99 4.47111e-50
186.42 4.47153e-50
186.85 4.47196e-50
187.28 4.47196e-50
187.71 4.47238e-50
188.15 4.4728e-50
188.58 4.4728e-50
189.01 4.47322e-50
189.45 4.47365e-50
189.89 4.47365e-50
190.33 4.47407e-50
190.76 4.47449e-50
191.2 4.47492e-50
191.65 4.47492e-50
192.09 4.47534e-50
192.53 4.47576e-50
192.97 4.47619e-50
193.42 4.47661e-50
193.87 4.47661e-50
194.31 4.47703e-50
194.76 4.47746e-50
195.21 4.47788e-50
195.66 4.47788e-50
196.11 4.4783e-50
196.56 4.47873e-50
197.02 4.47915e-50
197.47 4.47957e-50
197.93 4.48e-50
198.38 4.48e-50
198.84 4.48042e-50
199.3 4.48084e-50
199.76 4.48127e-50
200.22 4.48169e-50
200.68 4.48211e-50
201.14 4.48254e-50
201.61 4.48296e-50
202.07 4.48296e-50
202.54 4.48338e-50
203 4.48381e-50
203.47 4.48423e-50
203.94 4.48465e-50
204.41 4.48508e-50
204.88 4.4855e-50
205.36 4.48592e-50
205.83 4.48635e-50
206.3 4.48677e-50
206.78 4.48719e-50
207.26 4.48762e-50
207.73 4.48804e-50
208.21 4.48847e-50
208.69 4.48889e-50
209.18 4.48931e-50
209.66 4.48974e-50
210.14 4.49016e-50
210.63 4.49058e-50
211.11 4.49101e-50
211.6 4.49143e-50
212.09 4.49186e-50
212.58 4.49228e-50
213.07 4.4927e-50
213.56 4.49313e-50
214.05 4.49355e-50
214.54 4.49398e-50
215.04 4.4944e-50
215.53 4.49525e-50
216.03 4.49567e-50
216.53 4.4961e-50
217.03 4.49652e-50
217.53 4.49694e-50
218.03 4.49737e-50
218.53 4.49779e-50
219.04 4.49864e-50
219.54 4.49907e-50
220.05 4.49949e-50
220.56 4.49991e-50
221.06 4.50034e-50
221.57 4.50119e-50
222.08 4.50161e-50
222.6 4.50204e-50
223.11 4.50246e-50
223.62 4.50331e-50
224.14 4.50373e-50
224.66 4.50416e-50
225.18 4.50458e-50
225.69 4.50543e-50
226.22 4.50586e-50
226.74 4.50628e-50
227.26 4.50713e-50
227.78 4.50755e-50
228.31 4.5084e-50
228.84 4.50883e-50
229.36 4.50968e-50
229.89 4.5101e-50
230.42 4.51095e-50
230.95 4.5118e-50
231.49 4.51223e-50
232.02 4.51308e-50
232.56 4.51393e-50
233.09 4.5152e-50
233.63 4.51605e-50
234.17 4.51733e-50
234.71 4.51903e-50
235.25 4.52115e-50
235.79 4.52455e-50
236.34 4.53051e-50
236.88 4.54244e-50
237.43 4.57789e-50
237.97 4.8018e-50
238.52 1.36589e-49
239.07 4.67208e-50
239.62 4.56335e-50
240.18 4.54073e-50
240.73 4.53264e-50
241.29 4.52924e-50
241.84 4.52753e-50
242.4 4.52668e-50
242.96 4.52668e-50
243.52 4.52668e-50
244.08 4.52711e-50
244.64 4.52711e-50
245.21 4.52753e-50
245.77 4.52796e-50
246.34 4.52881e-50
246.91 4.52924e-50
247.48 4.52966e-50
248.05 4.53051e-50
248.62 4.53094e-50
249.19 4.53179e-50
249.77 4.53222e-50
250.34 4.53307e-50
250.92 4.53349e-50
251.5 4.53434e-50
252.08 4.5352e-50
252.66 4.53562e-50
253.24 4.53647e-50
253.83 4.53733e-50
254.41 4.53775e-50
255 4.5386e-50
255.59 4.53946e-50
256.18 4.53988e-50
256.77 4.54073e-50
257.36 4.54159e-50
257.95 4.54244e-50
258.55 4.54287e-50
259.14 4.54372e-50
259.74 4.54457e-50
260.34 4.54542e-50
260.94 4.54628e-50
261.54 4.54713e-50
262.15 4.54756e-50
262.75 4.54841e-50
263.36 4.54926e-50
263.96 4.55012e-50
264.57 4.55097e-50
265.18 4.55182e-50
265.79 4.55268e-50
266.41 4.55353e-50
267.02 4.55438e-50
267.64 4.55524e-50
268.25 4.55609e-50
268.87 4.55694e-50
269.49 4.5578e-50
270.11 4.55865e-50
270.74 4.55951e-50
271.36 4.56036e-50
271.99 4.56121e-50
272.61 4.56207e-50
273.24 4.56292e-50
273.87 4.56378e-50
274.5 4.56463e-50
275.14 4.56549e-50
275.77 4.56634e-50
276.41 4.5672e-50
277.05 4.56805e-50
277.68 4.56891e-50
278.32 4.57019e-50
278.97 4.57104e-50
279.61 4.5719e-50
280.25 4.57275e-50
280.9 4.57361e-50
281.55 4.57489e-50
282.2 4.57575e-50
282.85 4.5766e-50
283.5 4.57746e-50
284.15 4.57874e-50
284.81 4.5796e-50
285.47 4.58046e-50
286.13 4.58131e-50
286.78 4.5826e-50
287.45 4.58345e-50
288.11 4.58474e-50
288.77 4.58559e-50
289.44 4.58645e-50
290.11 4.58774e-50
290.78 4.58859e-50
291.45 4.58945e-50
292.12 4.59073e-50
292.79 4.59159e-50
293.47 4.59288e-50
294.14 4.59373e-50
294.82 4.59502e-50
295.5 4.59588e-50
296.18 4.59716e-50
296.87 4.59802e-50
297.55 4.59931e-50
298.24 4.60017e-50
298.92 4.60145e-50
299.61 4.60231e-50
300.31 4.6036e-50
301 4.60489e-50
301.69 4.60575e-50
302.39 4.60703e-50
303.08 4.60832e-50
303.78 4.60918e-50
304.48 4.61047e-50
305.19 4.61176e-50
305.89 4.61262e-50
306.6 4.6139e-50
307.3 4.61519e-50
308.01 4.61648e-50
308.72 4.61734e-50
309.43 4.61863e-50
310.15 4.61992e-50
310.86 4.62121e-50
311.58 4.6225e-50
312.3 4.62336e-50
313.02 4.62465e-50
313.74 4.62594e-50
314.46 4.62723e-50
315.19 4.62852e-50
315.91 4.62981e-50
316.64 4.6311e-50
317.37 4.6324e-50
318.11 4.63369e-50
318.84 4.63498e-50
319.57 4.63627e-50
320.31 4.63756e-50
321.05 4.63885e-50
321.79 4.64015e-50
322.53 4.64144e-50
323.28 4.64273e-50
324.02 4.64402e-50
324.77 4.64532e-50
325.52 4.64661e-50
326.27 4.64834e-50
327.02 4.64963e-50
327.77 4.65092e-50
328.53 4.65222e-50
329.29 4.65351e-50
330.05 4.65524e-50
330.81 4.65653e-50
331.57 4.65783e-50
332.34 4.65912e-50
333.1 4.66085e-50
333.87 4.66214e-50
334.64 4.66344e-50
335.41 4.66517e-50
336.19 4.66646e-50
336.96 4.66776e-50
337.74 4.66949e-50
338.52 4.67079e-50
339.3 4.67251e-50
340.08 4.67381e-50
340.86 4.67554e-50
341.65 4.67684e-50
342.44 4.67857e-50
343.23 4.67987e-50
344.02 4.6816e-50
344.81 4.6829e-50
345.61 4.68463e-50
346.4 4.68636e-50
347.2 4.68766e-50
348 4.68939e-50
348.81 4.69112e-50
349.61 4.69242e-50
350.42 4.69416e-50
351.23 4.69589e-50
352.04 4.69762e-50
352.85 4.69892e-50
353.66 4.70066e-50
354.48 4.70239e-50
355.29 4.70413e-50
356.11 4.70586e-50
356.93 4.7076e-50
357.76 4.7089e-50
358.58 4.71064e-50
359.41 4.71237e-50
360.24 4.71411e-50
361.07 4.71585e-50
361.9 4.71758e-50
362.74 4.71932e-50
363.57 4.72106e-50
364.41 4.7228e-50
365.25 4.72454e-50
366.09 4.72671e-50
366.94 4.72845e-50
367.78 4.73019e-50
368.63 4.73193e-50
369.48 4.73367e-50
370.33 4.73541e-50
371.19 4.73759e-50
372.04 4.73933e-50
372.9 4.74107e-50
373.76 4.74281e-50
374.62 4.74499e-50
375.49 4.74673e-50
376.35 4.74891e-50
377.22 4.75066e-50
378.09 4.7524e-50
378.96 4.75458e-50
379.84 4.75632e-50
380.71 4.75851e-50
381.59 4.76025e-50
382.47 4.76243e-50
383.35 4.76418e-50
384.24 4.76636e-50
385.12 4.76855e-50
386.01 4.77029e-50
386.9 4.77248e-50
387.79 4.77422e-50
388.69 4.77641e-50
389.58 4.7786e-50
390.48 4.78078e-50
391.38 4.78253e-50
392.28 4.78472e-50
393.19 4.78691e-50
394.1 4.78909e-50
395 4.79128e-50
395.92 4.79347e-50
396.83 4.79566e-50
397.74 4.79785e-50
398.66 4.80004e-50
399.58 4.80223e-50
400.5 4.80443e-50
401.43 4.80662e-50
402.35 4.80881e-50
403.28 4.811e-50
404.21 4.8132e-50
405.14 4.81539e-50
406.08 4.81759e-50
407.01 4.82022e-50
407.95 4.82242e-50
408.89 4.82461e-50
409.83 4.82681e-50
410.78 4.82945e-50
411.73 4.83164e-50
412.68 4.83384e-50
413.63 4.83648e-50
414.58 4.83868e-50
415.54 4.84132e-50
416.5 4.84352e-50
417.46 4.84616e-50
418.42 4.84836e-50
419.38 4.85101e-50
420.35 4.85321e-50
421.32 4.85585e-50
422.29 4.8585e-50
423.27 4.8607e-50
424.24 4.86335e-50
425.22 4.86599e-50
426.2 4.86864e-50
427.18 4.87129e-50
428.17 4.8735e-50
429.16 4.87615e-50
430.15 4.8788e-50
431.14 4.88145e-50
432.13 4.8841e-50
433.13 4.88675e-50
434.13 4.88941e-50
435.13 4.89206e-50
436.13 4.89471e-50
437.14 4.89737e-50
438.14 4.90047e-50
439.16 4.90312e-50
440.17 4.90578e-50
441.18 4.90844e-50
442.2 4.9111e-50
443.22 4.9142e-50
444.24 4.91686e-50
445.27 4.91952e-50
446.29 4.92263e-50
447.32 4.92529e-50
448.35 4.9284e-50
449.39 4.93106e-50
450.42 4.93417e-50
451.46 4.93684e-50
452.5 4.93995e-50
453.55 4.94306e-50
454.59 4.94573e-50
455.64 4.94885e-50
456.69 4.95196e-50
457.75 4.95508e-50
458.8 4.95775e-50
459.86 4.96087e-50
460.92 4.96398e-50
461.98 4.9671e-50
463.05 4.97022e-50
464.12 4.97335e-50
465.19 4.97647e-50
466.26 4.97959e-50
467.33 4.98272e-50
468.41 4.98629e-50
469.49 4.98942e-50
470.57 4.99254e-50
471.66 4.99612e-50
472.75 4.99925e-50
473.84 5.00327e-50
474.93 5.00775e-50
476.02 5.02074e-50
477.12 5.15426e-50
478.22 5.02029e-50
479.33 5.02029e-50
480.43 5.02298e-50
481.54 5.02612e-50
482.65 5.02925e-50
483.76 5.03284e-50
484.88 5.03598e-50
486 5.03958e-50
487.12 5.04317e-50
488.24 5.04676e-50
489.37 5.04991e-50
490.49 5.0535e-50
491.63 5.0571e-50
492.76 5.0607e-50
493.9 5.0643e-50
495.03 5.0679e-50
496.18 5.0715e-50
497.32 5.07556e-50
498.47 5.07916e-50
499.62 5.08277e-50
500.77 5.08638e-50
501.92 5.09044e-50
503.08 5.09405e-50
504.24 5.09766e-50
505.4 5.10173e-50
506.57 5.10534e-50
507.74 5.10941e-50
508.91 5.11303e-50
510.08 5.1171e-50
511.26 5.12117e-50
512.44 5.12524e-50
513.62 5.12887e-50
514.8 5.13294e-50
515.99 5.13702e-50
517.18 5.1411e-50
518.37 5.14518e-50
519.57 5.14927e-50
520.77 5.15335e-50
521.97 5.15744e-50
523.17 5.16153e-50
524.38 5.16562e-50
525.59 5.16971e-50
526.8 5.17426e-50
528.01 5.17836e-50
529.23 5.18245e-50
530.45 5.18701e-50
531.67 5.19111e-50
532.9 5.19566e-50
534.13 5.19977e-50
535.36 5.20433e-50
536.6 5.20889e-50
537.83 5.213e-50
539.07 5.21757e-50
540.32 5.22214e-50
541.56 5.22671e-50
542.81 5.23128e-50
544.06 5.23586e-50
545.32 5.24044e-50
546.57 5.24502e-50
547.84 5.2496e-50
549.1 5.25418e-50
550.36 5.25877e-50
551.63 5.26381e-50
552.91 5.2684e-50
554.18 5.27299e-50
555.46 5.27805e-50
556.74 5.28264e-50
558.02 5.2877e-50
559.31 5.2923e-50
560.6 5.29736e-50
561.89 5.30243e-50
563.19 5.30749e-50
564.49 5.3121e-50
565.79 5.31717e-50
567.09 5.32225e-50
568.4 5.32733e-50
569.71 5.3324e-50
571.03 5.33749e-50
572.34 5.34303e-50
573.66 5.34812e-50
574.99 5.35321e-50
576.31 5.3583e-50
577.64 5.36386e-50
578.97 5.36895e-50
580.31 5.37451e-50
581.65 5.37962e-50
582.99 5.38518e-50
584.33 5.39076e-50
585.68 5.39586e-50
587.03 5.40144e-50
588.38 5.40702e-50
589.74 5.4126e-50
591.1 5.41819e-50
592.46 5.42378e-50
593.83 5.42937e-50
595.2 5.43496e-50
596.57 5.44102e-50
597.95 5.44662e-50
599.33 5.45222e-50
600.71 5.4583e-50
602.09 5.46391e-50
603.48 5.46999e-50
604.87 5.4756e-50
606.27 5.48169e-50
607.67 5.48777e-50
609.07 5.49387e-50
610.47 5.49996e-50
611.88 5.50559e-50
613.29 5.51216e-50
614.7 5.51827e-50
616.12 5.52438e-50
617.54 5.53049e-50
618.97 5.53661e-50
620.39 5.5432e-50
621.83 5.54932e-50
623.26 5.55592e-50
624.7 5.56205e-50
626.14 5.56866e-50
627.58 5.57527e-50
629.03 5.58141e-50
630.48 5.58802e-50
631.93 5.59464e-50
633.39 5.60127e-50
634.85 5.6079e-50
636.31 5.61453e-50
637.78 5.62164e-50
639.25 5.62828e-50
640.73 5.63493e-50
642.2 5.64205e-50
643.68 5.6487e-50
645.17 5.65584e-50
646.66 5.6625e-50
648.15 5.66964e-50
649.64 5.67678e-50
651.14 5.68393e-50
652.64 5.69109e-50
654.15 5.69825e-50
655.66 5.70541e-50
657.17 5.71258e-50
658.68 5.72023e-50
660.2 5.72741e-50
661.72 5.73459e-50
663.25 5.74225e-50
664.78 5.74992e-50
666.31 5.75712e-50
667.85 5.7648e-50
669.39 5.77249e-50
670.93 5.78018e-50
672.48 5.78787e-50
674.03 5.79557e-50
675.59 5.80328e-50
677.14 5.81099e-50
678.7 5.81919e-50
680.27 5.82691e-50
681.84 5.83512e-50
683.41 5.84286e-50
684.99 5.85108e-50
686.57 5.8593e-50
688.15 5.86754e-50
689.74 5.87578e-50
691.33 5.88402e-50
692.92 5.89227e-50
694.52 5.90053e-50
696.12 5.90879e-50
697.73 5.91754e-50
699.33 5.92582e-50
700.95 5.93458e-50
702.56 5.94336e-50
704.18 5.95165e-50
705.81 5.96043e-50
707.44 5.96923e-50
709.07 5.97803e-50
710.7 5.98732e-50
712.34 5.99613e-50
713.98 6.00642e-50
715.63 6.04275e-50
717.28 6.02359e-50
718.93 6.03243e-50
720.59 6.04127e-50
722.25 6.05062e-50
723.92 6.05997e-50
725.59 6.06932e-50
727.26 6.07869e-50
728.94 6.08806e-50
730.62 6.09794e-50
732.3 6.10732e-50
733.99 6.11672e-50
735.69 6.12662e-50
737.38 6.13652e-50
739.08 6.14643e-50
740.79 6.15635e-50
742.5 6.16628e-50
744.21 6.17622e-50
745.92 6.18616e-50
747.64 6.19612e-50
749.37 6.20658e-50
751.1 6.21654e-50
752.83 6.22702e-50
754.56 6.23751e-50
756.3 6.248e-50
758.05 6.2585e-50
759.8 6.26901e-50
761.55 6.27953e-50
763.3 6.29006e-50
765.06 6.3011e-50
766.83 6.31165e-50
768.6 6.32271e-50
770.37 6.33378e-50
772.15 6.34486e-50
773.93 6.35595e-50
775.71 6.36704e-50
777.5 6.37815e-50
779.29 6.38927e-50
781.09 6.4009e-50
782.89 6.41204e-50
784.7 6.42369e-50
786.51 6.43535e-50
788.32 6.44703e-50
790.14 6.45871e-50
791.96 6.47041e-50
793.79 6.48212e-50
795.62 6.49434e-50
797.45 6.50607e-50
799.29 6.51832e-50
801.13 6.53058e-50
802.98 6.54285e-50
804.83 6.55514e-50
806.69 6.56743e-50
808.55 6.57974e-50
810.41 6.59257e-50
812.28 6.6049e-50
814.16 6.61776e-50
816.03 6.63063e-50
817.91 6.64351e-50
819.8 6.6564e-50
821.69 6.66931e-50
823.59 6.68223e-50
825.49 6.69567e-50
827.39 6.70914e-50
829.3 6.72209e-50
831.21 6.73558e-50
833.13 6.74908e-50
835.05 6.7626e-50
836.97 6.77665e-50
838.9 6.79019e-50
840.84 6.80427e-50
842.78 6.81784e-50
844.72 6.83195e-50
846.67 6.84607e-50
848.62 6.86021e-50
850.58 6.87488e-50
852.54 6.88905e-50
854.5 6.90376e-50
856.47 6.91795e-50
858.45 6.93269e-50
860.43 6.94744e-50
862.41 6.96274e-50
864.4 6.97752e-50
866.4 6.99232e-50
868.39 7.00767e-50
870.4 7.02303e-50
872.4 7.03841e-50
874.41 7.0538e-50
876.43 7.06922e-50
878.45 7.08465e-50
880.48 7.10063e-50
882.51 7.11609e-50
884.54 7.1321e-50
886.58 7.14814e-50
888.63 7.16472e-50
890.68 7.18079e-50
892.73 7.19688e-50
894.79 7.21352e-50
896.85 7.23018e-50
898.92 7.24686e-50
900.99 7.26356e-50
903.07 7.28028e-50
905.15 7.29756e-50
907.24 7.31432e-50
909.33 7.33164e-50
911.43 7.34898e-50
913.53 7.36634e-50
915.64 7.38426e-50
917.75 7.40166e-50
919.87 7.41963e-50
921.99 7.43762e-50
924.11 7.45563e-50
926.25 7.47366e-50
928.38 7.49172e-50
930.52 7.51034e-50
932.67 7.52844e-50
934.82 7.54711e-50
936.97 7.5658e-50
939.13 7.58507e-50
941.3 7.60381e-50
943.47 7.62312e-50
945.65 7.64191e-50
947.83 7.66127e-50
950.01 7.68121e-50
952.2 7.70118e-50
954.4 7.7234e-50
956.6 7.74064e-50
958.81 7.76012e-50
961.02 7.78019e-50
963.23 7.80085e-50
965.45 7.82097e-50
967.68 7.84168e-50
969.91 7.86242e-50
972.15 7.88318e-50
974.39 7.90397e-50
976.64 7.92535e-50
978.89 7.9462e-50
981.15 7.96764e-50
983.41 7.9891e-50
985.68 8.01116e-50
987.95 8.03269e-50
990.23 8.05481e-50
992.51 8.07696e-50
994.8 8.09915e-50
997.1 8.12136e-50
999.39 8.14417e-50
1001.7 8.16645e-50
1004 8.18933e-50
1006.3 8.21281e-50
1008.6 8.23575e-50
1011 8.2593e-50
1013.3 8.28231e-50
1015.6 8.30592e-50
1018 8.33015e-50
1020.3 8.35383e-50
1022.7 8.37813e-50
1025 8.40246e-50
1027.4 8.42683e-50
1029.8 8.45123e-50
1032.1 8.47625e-50
1034.5 8.50131e-50
1036.9 8.5264e-50
1039.3 8.55153e-50
1041.7 8.57728e-50
1044.1 8.60308e-50
1046.5 8.62891e-50
1048.9 8.65478e-50
1051.3 8.68068e-50
1053.8 8.70722e-50
1056.2 8.7338e-50
1058.6 8.76042e-50
1061.1 8.78767e-50
1063.5 8.81437e-50
1066 8.8417e-50
1068.4 8.86908e-50
1070.9 8.8971e-50
1073.4 8.92456e-50
1075.8 8.95266e-50
1078.3 8.98141e-50
1080.8 9.0096e-50
1083.3 9.03844e-50
1085.8 9.06733e-50
1088.3 9.09626e-50
1090.8 9.12523e-50
1093.3 9.15486e-50
1095.8 9.18454e-50
1098.4 9.21426e-50
1100.9 9.24464e-50
1103.4 9.27446e-50
1106 9.30555e-50
1108.5 9.33608e-50
1111.1 9.36666e-50
1113.7 9.3979e-50
1116.2 9.4292e-50
1118.8 9.46116e-50
1121.4 9.49256e-50
1124 9.52463e-50
1126.6 9.55737e-50
1129.2 9.58955e-50
1131.8 9.6224e-50
1134.4 9.65531e-50
1137 9.6889e-50
1139.6 9.72192e-50
1142.2 9.75563e-50
1144.9 9.78939e-50
1147.5 9.82384e-50
1150.2 9.85834e-50
1152.8 9.89291e-50
1155.5 9.92754e-50
1158.1 9.96286e-50
1160.8 9.99824e-50
1163.5 1.00337e-49
1166.2 1.00698e-49
1168.9 1.0106e-49
1171.5 1.01423e-49
1174.2 1.01793e-49
1177 1.02163e-49
1179.7 1.02534e-49
1182.4 1.02913e-49
1185.1 1.03285e-49
1187.9 1.03671e-49
1190.6 1.04051e-49
1193.3 1.04445e-49
1196.1 1.04827e-49
1198.8 1.05216e-49
1201.6 1.05612e-49
1204.4 1.06009e-49
1207.2 1.06413e-49
1209.9 1.06811e-49
1212.7 1.07224e-49
1215.5 1.0763e-49
1218.3 1.08044e-49
1221.1 1.08458e-49
1224 1.08874e-49
1226.8 1.09296e-49
1229.6 1.0972e-49
1232.4 1.10151e-49
1235.3 1.10583e-49
1238.1 1.11016e-49
1241 1.11449e-49
1243.9 1.1189e-49
1246.7 1.12339e-49
1249.6 1.12782e-49
1252.5 1.13232e-49
1255.4 1.1369e-49
1258.3 1.14143e-49
1261.2 1.14609e-49
1264.1 1.1507e-49
1267 1.15539e-49
1269.9 1.16008e-49
1272.8 1.16486e-49
1275.8 1.16964e-49
1278.7 1.17443e-49
1281.7 1.1793e-49
1284.6 1.18419e-49
1287.6 1.18908e-49
1290.5 1.19405e-49
1293.5 1.1991e-49
1296.5 1.20409e-49
1299.5 1.20923e-49
1302.5 1.21431e-49
1305.5 1.21948e-49
1308.5 1.22465e-49
1311.5 1.2299e-49
1314.5 1.23517e-49
1317.6 1.24052e-49
1320.6 1.24588e-49
1323.7 1.25125e-49
1326.7 1.2567e-49
1329.8 1.26217e-49
1332.8 1.26772e-49
1335.9 1.27328e-49
1339 1.27885e-49
1342.1 1.28451e-49
1345.2 1.29025e-49
1348.3 1.29593e-49
1351.4 1.30177e-49
1354.5 1.30755e-49
1357.6 1.31341e-49
1360.8 1.31936e-49
1363.9 1.32532e-49
1367 1.33137e-49
1370.2 1.33736e-49
1373.4 1.34352e-49
1376.5 1.34968e-49
1379.7 1.35586e-49
1382.9 1.36213e-49
1386.1 1.36841e-49
1389.3 1.37478e-49
1392.5 1.38116e-49
1395.7 1.38764e-49
1398.9 1.39413e-49
1402.1 1.40063e-49
1405.4 1.40723e-49
1408.6 1.41391e-49
1411.8 1.42061e-49
1415.1 1.4274e-49
1418.4 1.43421e-49
1421.6 1.44104e-49
1424.9 1.44803e-49
1428.2 1.45496e-49
1431.5 1.46207e-49
1434.8 1.46911e-49
1438.1 1.47625e-49
1441.4 1.48348e-49
1444.7 1.49073e-49
1448.1 1.498e-49
1451.4 1.50544e-49
1454.8 1.51282e-49
1458.1 1.52038e-49
1461.5 1.52787e-49
1464.8 1.53554e-49
1468.2 1.54323e-49
1471.6 1.55094e-49
1475 1.55875e-49
1478.4 1.56666e-49
1481.8 1.57458e-49
1485.2 1.58253e-49
1488.7 1.59065e-49
1492.1 1.59872e-49
1495.5 1.60697e-49
1499 1.61524e-49
1502.4 1.62353e-49
1505.9 1.63192e-49
1509.4 1.64041e-49
1512.9 1.64893e-49
1516.3 1.65755e-49
1519.8 1.66619e-49
1523.3 1.67494e-49
1526.9 1.68379e-49
1530.4 1.69266e-49
1533.9 1.70165e-49
1537.4 1.71065e-49
1541 1.71984e-49
1544.5 1.72898e-49
1548.1 1.73831e-49
1551.7 1.74757e-49
1555.3 1.75703e-49
1558.8 1.76652e-49
1562.4 1.77612e-49
1566 1.78582e-49
1569.6 1.79556e-49
1573.3 1.8054e-49
1576.9 1.81527e-49
1580.5 1.82525e-49
1584.2 1.83535e-49
1587.8 1.84548e-49
1591.5 1.85571e-49
1595.2 1.86607e-49
1598.8 1.87654e-49
1602.5 1.88703e-49
1606.2 1.89765e-49
1609.9 1.90829e-49
1613.6 1.91905e-49
1617.4 1.92993e-49
1621.1 1.94093e-49
1624.8 1.95196e-49
1628.6 1.96311e-49
1632.3 1.97438e-49
1636.1 1.98568e-49
1639.9 1.9972e-49
1643.6 2.00874e-49
1647.4 2.02032e-49
1651.2 2.03212e-49
1655 2.04394e-49
1658.9 2.0559e-49
1662.7 2.06798e-49
1666.5 2.08009e-49
1670.4 2.09242e-49
1674.2 2.1047e-49
1678.1 2.1172e-49
1681.9 2.12973e-49
1685.8 2.14249e-49
1689.7 2.15528e-49
1693.6 2.16821e-49
1697.5 2.18126e-49
1701.4 2.19436e-49
1705.4 2.20759e-49
1709.3 2.22105e-49
1713.2 2.23455e-49
1717.2 2.24809e-49
1721.1 2.26186e-49
1725.1 2.27577e-49
1729.1 2.28972e-49
1733.1 2.30381e-49
1737.1 2.31804e-49
1741.1 2.33241e-49
1745.1 2.34692e-49
1749.1 2.36147e-49
1753.1 2.37627e-49
1757.2 2.39111e-49
1761.2 2.4062e-49
1765.3 2.42133e-49
1769.4 2.43661e-49
1773.5 2.45203e-49
1777.5 2.46761e-49
1781.6 2.48333e-49
1785.8 2.4991e-49
1789.9 2.51512e-49
1794 2.5313e-49
1798.1 2.54752e-49
1802.3 2.564e-49
1806.4 2.58054e-49
1810.6 2.59733e-49
1814.8 2.61417e-49
1819 2.63128e-49
1823.2 2.64844e-49
1827.4 2.66576e-49
1831.6 2.68334e-49
1835.8 2.70098e-49
1840 2.71879e-49
1844.3 2.73686e-49
1848.5 2.75499e-49
1852.8 2.77339e-49
1857.1 2.79185e-49
1861.3 2.81059e-49
1865.6 2.8295e-49
1869.9 2.84846e-49
1874.3 2.86771e-49
1878.6 2.88713e-49
1882.9 2.90672e-49
1887.2 2.92649e-49
1891.6 2.94643e-49
1896 2.96655e-49
1900.3 2.98695e-49
1904.7 3.00743e-49
1909.1 3.02819e-49
1913.5 3.04903e-49
1917.9 3.07016e-49
1922.3 3.09147e-49
1926.8 3.11308e-49
1931.2 3.13477e-49
1935.7 3.15664e-49
1940.1 3.17882e-49
1944.6 3.20118e-49
1949.1 3.22374e-49
1953.6 3.24661e-49
1958.1 3.26955e-49
1962.6 3.29281e-49
1967.1 3.31626e-49
1971.7 3.34003e-49
1976.2 3.36388e-49
1980.8 3.38805e-49
1985.3 3.41255e-49
1989.9 3.43713e-49
1994.5 3.46203e-49
1999.1 3.48714e-49
2003.7 3.51246e-49
2008.3 3.53811e-49
2013 3.56397e-49
2017.6 3.59017e-49
2022.3 3.61646e-49
2026.9 3.64321e-49
2031.6 3.67006e-49
2036.3 3.69725e-49
2041 3.72466e-49
2045.7 3.75242e-49
2050.4 3.78041e-49
2055.1 3.80874e-49
2059.9 3.83731e-49
2064.6 3.86623e-49
2069.4 3.89538e-49
2074.2 3.92477e-49
2078.9 3.95452e-49
2083.7 3.98451e-49
2088.5 4.01487e-49
2093.4 4.0456e-49
2098.2 4.07657e-49
2103 4.10791e-49
2107.9 4.13951e-49
2112.7 4.17148e-49
2117.6 4.20371e-49
2122.5 4.23632e-49
2127.4 4.26918e-49
2132.3 4.30257e-49
2137.2 4.33609e-49
2142.1 4.37014e-49
2147.1 4.40445e-49
2152 4.43916e-49
2157 4.47414e-49
2162 4.50966e-49
2167 4.54546e-49
2171.9 4.58153e-49
2177 4.61815e-49
2182 4.65506e-49
2187 4.69239e-49
2192.1 4.73014e-49
2197.1 4.76818e-49
2202.2 4.80679e-49
2207.3 4.84569e-49
2212.3 4.88503e-49
2217.4 4.92481e-49
2222.6 4.96503e-49
2227.7 5.0057e-49
2232.8 5.04668e-49
2238 5.08825e-49
2243.1 5.13014e-49
2248.3 5.17263e-49
2253.5 5.21544e-49
2258.7 5.25886e-49
2263.9 5.30261e-49
2269.1 5.34697e-49
2274.3 5.39167e-49
2279.6 5.437e-49
2284.8 5.48281e-49
2290.1 5.52926e-49
2295.4 5.57606e-49
2300.7 5.62335e-49
2306 5.67129e-49
2311.3 5.71975e-49
2316.6 5.76871e-49
2322 5.81818e-49
2327.3 5.86833e-49
2332.7 5.91884e-49
2338.1 5.97003e-49
2343.5 6.02192e-49
2348.9 6.07418e-49
2354.3 6.12713e-49
2359.7 6.18063e-49
2365.2 6.23484e-49
2370.6 6.2896e-49
2376.1 6.34492e-49
2381.6 6.40096e-49
2387.1 6.45757e-49
2392.6 6.51491e-49
2398.1 6.57283e-49
2403.6 6.6315e-49
2409.2 6.69075e-49
2414.7 6.75076e-49
2420.3 6.81153e-49
2425.9 6.87291e-49
2431.5 6.93489e-49
2437.1 6.99766e-49
2442.7 7.06121e-49
2448.3 7.12555e-49
2454 7.19053e-49
2459.6 7.25631e-49
2465.3 7.32291e-49
2471 7.39033e-49
2476.7 7.4584e-49
2482.4 7.52747e-49
2488.1 7.59721e-49
2493.8 7.6678e-49
2499.6 7.73925e-49
2505.4 7.81138e-49
2511.1 7.88455e-49
2516.9 7.9586e-49
2522.7 8.03354e-49
2528.5 8.10936e-49
2534.4 8.18609e-49
2540.2 8.26354e-49
2546.1 8.34208e-49
2552 8.42173e-49
2557.8 8.50213e-49
2563.7 8.58365e-49
2569.6 8.66593e-49
2575.6 8.74936e-49
2581.5 8.83374e-49
2587.5 8.91929e-49
2593.4 9.00582e-49
2599.4 9.09334e-49
2605.4 9.18186e-49
2611.4 9.27157e-49
2617.4 9.3623e-49
2623.5 9.45445e-49
2629.5 9.54724e-49
2635.6 9.64147e-49
2641.7 9.73676e-49
2647.8 9.8333e-49
2653.9 9.93092e-49
2660 1.003e-48
2666.1 1.01304e-48
2672.3 1.02313e-48
2678.4 1.03327e-48
2684.6 1.04367e-48
2690.8 1.05432e-48
2697 1.06482e-48
2703.2 1.07558e-48
2709.5 1.0866e-48
2715.7 1.09768e-48
2722 1.10881e-48
2728.2 1.12e-48
2734.5 1.13146e-48
2740.8 1.14319e-48
2747.2 1.15477e-48
2753.5 1.16662e-48
2759.8 1.17874e-48
2766.2 1.19094e-48
2772.6 1.20319e-48
2779 1.21551e-48
2785.4 1.22811e-48
2791.8 1.241e-48
2798.2 1.25395e-48
2804.7 1.26698e-48
2811.2 1.28007e-48
2817.6 1.29345e-48
2824.1 1.30713e-48
2830.7 1.32066e-48
2837.2 1.33449e-48
2843.7 1.34862e-48
2850.3 1.36282e-48
2856.9 1.3771e-48
2863.4 1.39146e-48
2870.1 1.40612e-48
2876.7 1.4211e-48
2883.3 1.43592e-48
2890 1.4513e-48
2896.6 1.46652e-48
2903.3 1.48206e-48
2910 1.49769e-48
2916.7 1.51339e-48
2923.4 1.52943e-48
2930.2 1.54555e-48
2936.9 1.56175e-48
2943.7 1.57829e-48
2950.5 1.59492e-48
2957.3 1.61163e-48
2964.1 1.62869e-48
2970.9 1.64583e-48
2977.8 1.66307e-48
2984.7 1.68039e-48
2991.5 1.69807e-48
2998.4 1.71558e-48
3005.4 1.73344e-48
3012.3 1.75139e-48
3019.2 1.76943e-48
3026.2 1.78784e-48
3033.2 1.80607e-48
3040.2 1.82466e-48
3047.2 1.84308e-48
3054.2 1.86186e-48
3061.3 1.88046e-48
3068.3 1.89944e-48
3075.4 1.91822e-48
3082.5 1.93739e-48
3089.6 1.95636e-48
3096.7 1.97543e-48
3103.9 1.99459e-48
3111 2.01384e-48
3118.2 2.03291e-48
3125.4 2.05206e-48
3132.6 2.0713e-48
3139.8 2.09034e-48
3147 2.10947e-48
3154.3 2.12839e-48
3161.6 2.1474e-48
3168.9 2.1662e-48
3176.2 2.18478e-48
3183.5 2.20315e-48
3190.8 2.22159e-48
3198.2 2.23981e-48
3205.6 2.25781e-48
3213 2.27527e-48
3220.4 2.2928e-48
3227.8 2.30979e-48
3235.2 2.32654e-48
3242.7 2.34304e-48
3250.2 2.35899e-48
3257.7 2.37468e-48
3265.2 2.38981e-48
3272.7 2.40436e-48
3280.3 2.41865e-48
3287.8 2.43204e-48
3295.4 2.44484e-48
3303 2.45737e-48
3310.6 2.46898e-48
3318.3 2.47968e-48
3325.9 2.48977e-48
3333.6 2.49924e-48
3341.3 2.50779e-48
3349 2.5154e-48
3356.7 2.52206e-48
3364.4 2.52778e-48
3372.2 2.53224e-48
3380 2.53606e-48
3387.8 2.5386e-48
3395.6 2.5402e-48
3403.4 2.54052e-48
3411.3 2.53988e-48
3419.1 2.53797e-48
3427 2.53446e-48
3434.9 2.53001e-48
3442.8 2.52429e-48
3450.8 2.5173e-48
3458.7 2.50874e-48
3466.7 2.49924e-48
3474.7 2.48819e-48
3482.7 2.47559e-48
3490.7 2.46207e-48
3498.8 2.44672e-48
3506.9 2.43048e-48
3514.9 2.41243e-48
3523.1 2.39352e-48
3531.2 2.37314e-48
3539.3 2.35132e-48
3547.5 2.32837e-48
3555.7 2.30432e-48
3563.9 2.27889e-48
3572.1 2.2524e-48
3580.3 2.22457e-48
3588.6 2.19603e-48
3596.8 2.1662e-48
3605.1 2.1354e-48
3613.5 2.10395e-48
3621.8 2.07158e-48
3630.1 2.03833e-48
3638.5 2.00421e-48
3646.9 1.96981e-48
3655.3 1.9346e-48
3663.7 1.89888e-48
3672.2 1.86268e-48
3680.7 1.82601e-48
3689.1 1.78917e-48
3697.7 1.75192e-48
3706.2 1.71453e-48
3714.7 1.67702e-48
3723.3 1.63968e-48
3731.9 1.602e-48
3740.5 1.5645e-48
3749.1 1.5272e-48
3757.8 1.49011e-48
3766.4 1.45323e-48
3775.1 1.41658e-48
3783.8 1.38039e-48
3792.5 1.34467e-48
3801.3 1.30919e-48
3810 1.27419e-48
3818.8 1.23988e-48
3827.6 1.20604e-48
3836.5 1.17267e-48
3845.3 1.13998e-48
3854.2 1.10818e-48
3863.1 1.07682e-48
3872 1.04612e-48
3880.9 1.01627e-48
3889.9 9.87221e-49
3898.8 9.58852e-49
3907.8 9.31264e-49
3916.8 9.04458e-49
3925.9 8.78438e-49
3934.9 8.53222e-49
3944 8.28828e-49
3953.1 8.05237e-49
3962.2 7.82446e-49
3971.3 7.60489e-49
3980.5 7.39342e-49
3989.7 7.19002e-49
3998.9 6.99465e-49
4008.1 6.80741e-49
4017.3 6.62808e-49
4026.6 6.4566e-49
4035.9 6.29309e-49
4045.2 6.13747e-49
4054.5 5.98937e-49
4063.9 5.84888e-49
4073.2 5.71596e-49
4082.6 5.5904e-49
4092.1 5.47215e-49
4101.5 5.36102e-49
4110.9 5.25698e-49
4120.4 5.15998e-49
4129.9 5.06987e-49
4139.5 4.98648e-49
4149 4.90966e-49
4158.6 4.83929e-49
4168.2 4.7755e-49
4177.8 4.71777e-49
4187.4 4.66639e-49
4197.1 4.62101e-49
4206.7 4.58153e-49
4216.4 4.54788e-49
4226.2 4.51987e-49
4235.9 4.49758e-49
4245.7 4.48083e-49
4255.5 4.46932e-49
4265.3 4.46318e-49
4275.1 4.46224e-49
4285 4.46638e-49
4294.8 4.47548e-49
4304.8 4.48954e-49
4314.7 4.50845e-49
4324.6 4.53198e-49
4334.6 4.56017e-49
4344.6 4.59291e-49
4354.6 4.63012e-49
4364.7 4.67172e-49
4374.7 4.71763e-49
4384.8 4.76776e-49
4394.9 4.82205e-49
4405.1 4.88042e-49
4415.2 4.94293e-49
4425.4 5.00924e-49
4435.6 5.07956e-49
4445.8 5.15366e-49
4456.1 5.23148e-49
4466.4 5.31324e-49
4476.7 5.39843e-49
4487 5.4874e-49
4497.3 5.57979e-49
4507.7 5.67581e-49
4518.1 5.77539e-49
4528.5 5.87829e-49
4539 5.98457e-49
4549.4 6.09414e-49
4559.9 6.20708e-49
4570.4 6.32343e-49
4581 6.44279e-49
4591.5 6.56554e-49
4602.1 6.6914e-49
4612.7 6.82045e-49
4623.4 6.95256e-49
4634 7.08796e-49
4644.7 7.22619e-49
4655.4 7.36765e-49
4666.2 7.51204e-49
4676.9 7.6594e-49
4687.7 7.80996e-49
4698.5 7.96324e-49
4709.4 8.11963e-49
4720.2 8.279e-49
4731.1 8.4412e-49
4742 8.60627e-49
4752.9 8.77444e-49
4763.9 8.94538e-49
4774.9 9.1193e-49
4785.9 9.29605e-49
4796.9 9.47566e-49
4808 9.65817e-49
4819.1 9.84362e-49
4830.2 1.0032e-48
4841.3 1.02232e-48
4852.5 1.04162e-48
4863.7 1.06131e-48
4874.9 1.08139e-48
4886.1 1.10166e-48
4897.4 1.12212e-48
4908.7 1.14297e-48
4920 1.16424e-48
4931.4 1.18549e-48
4942.7 1.20736e-48
4954.1 1.22922e-48
4965.6 1.25149e-48
4977 1.27419e-48
4988.5 1.29709e-48
5000 1.3202e-48
5000.00001 100000000000000000000
1.0000000e+04 100000000000000000000
