1.0000000e-07 1.00000e+10
1.0000000e-06 1.00000e+10
1.0000000e-05 1.00000e+10
1.0000000e-04 1.00000e+10
1.0000000e-03 1.00000e+10
1.0000000e-02 1.00000e+10
1.0000000e-01 1.00000e+10
9.9999999e-01 1.00000e+10
1.0000000e+00 1.22217e-33
1.0030759e+00 1.25638e-33
1.0061612e+00 1.28148e-33
1.0092560e+00 1.30611e-33
1.0123603e+00 1.33259e-33
1.0154742e+00 1.3481e-33
1.0185976e+00 1.35948e-33
1.0217307e+00 1.3604e-33
1.0248734e+00 1.3568e-33
1.0280258e+00 1.3543e-33
1.0311878e+00 1.33863e-33
1.0343596e+00 1.30213e-33
1.0375412e+00 1.26993e-33
1.0407325e+00 1.23825e-33
1.0439336e+00 1.20381e-33
1.0471446e+00 1.18142e-33
1.0503655e+00 1.14845e-33
1.0535963e+00 1.09941e-33
1.0568370e+00 1.0543e-33
1.0600877e+00 1.00569e-33
1.0633483e+00 9.53548e-34
1.0666191e+00 9.12164e-34
1.0698998e+00 8.7055e-34
1.0731907e+00 8.47798e-34
1.0764917e+00 1.27679e-33
1.0798028e+00 7.61465e-34
1.0831241e+00 6.98109e-34
1.0864557e+00 6.63462e-34
1.0897974e+00 6.21028e-34
1.0931495e+00 5.70811e-34
1.0965119e+00 5.4381e-34
1.0998846e+00 4.93014e-34
1.1032677e+00 4.42326e-34
1.1066612e+00 3.95477e-34
1.1100651e+00 3.53411e-34
1.1134795e+00 3.14198e-34
1.1169044e+00 2.7862e-34
1.1203398e+00 2.45411e-34
1.1237859e+00 2.0657e-34
1.1272425e+00 1.73584e-34
1.1307097e+00 1.47365e-34
1.1341876e+00 1.19489e-34
1.1376762e+00 9.86293e-35
1.1411755e+00 8.16922e-35
1.1446856e+00 6.5101e-35
1.1482065e+00 5.31395e-35
1.1517382e+00 4.34863e-35
1.1552808e+00 3.45053e-35
1.1588343e+00 2.81285e-35
1.1623987e+00 2.31783e-35
1.1659741e+00 1.86592e-35
1.1695605e+00 1.53938e-35
1.1731579e+00 1.27424e-35
1.1767663e+00 1.03504e-35
1.1803859e+00 8.59389e-36
1.1840166e+00 7.15671e-36
1.1876585e+00 5.86734e-36
1.1913115e+00 4.90449e-36
1.1949758e+00 4.11046e-36
1.1986514e+00 3.39979e-36
1.2023383e+00 2.86057e-36
1.2060365e+00 2.4125e-36
1.2097461e+00 2.01176e-36
1.2134671e+00 1.71332e-36
1.2171996e+00 1.48803e-36
1.2209435e+00 1.28123e-36
1.2246989e+00 1.11941e-36
1.2284659e+00 9.81038e-37
1.2322445e+00 8.5357e-37
1.2360347e+00 7.52675e-37
1.2398366e+00 6.6579e-37
1.2436502e+00 5.85432e-37
1.2474755e+00 5.21272e-37
1.2513125e+00 4.65694e-37
1.2551614e+00 4.14056e-37
1.2590221e+00 3.72641e-37
1.2628946e+00 3.36615e-37
1.2667791e+00 3.02959e-37
1.2706756e+00 2.77567e-37
1.2745840e+00 2.59845e-37
1.2785044e+00 2.42738e-37
1.2824369e+00 2.29928e-37
1.2863815e+00 2.19059e-37
1.2903382e+00 2.08473e-37
1.2943071e+00 2.01719e-37
1.2982882e+00 1.96632e-37
1.3022816e+00 1.91618e-37
1.3062872e+00 1.91e-37
1.3103052e+00 1.92302e-37
1.3143355e+00 1.93589e-37
1.3183782e+00 2.02144e-37
1.3224333e+00 2.14175e-37
1.3265010e+00 2.26444e-37
1.3305811e+00 2.57985e-37
1.3346738e+00 2.99749e-37
1.3387790e+00 3.43713e-37
1.3428969e+00 5.07101e-37
1.3470275e+00 7.5477e-37
1.3511708e+00 1.02593e-36
1.3553268e+00 1.66887e-36
1.3594956e+00 2.43285e-36
1.3636772e+00 3.05174e-36
1.3678716e+00 2.55305e-36
1.3720790e+00 1.45181e-36
1.3762993e+00 4.15813e-37
1.3805326e+00 1.43388e-37
1.3847790e+00 9.03954e-38
1.3890384e+00 4.9375e-38
1.3933108e+00 3.14622e-38
1.3975965e+00 2.21221e-38
1.4018953e+00 1.44433e-38
1.4062073e+00 1.02951e-38
1.4105326e+00 7.65283e-39
1.4148712e+00 5.41153e-39
1.4192231e+00 4.06152e-39
1.4235885e+00 3.12276e-39
1.4279672e+00 2.31124e-39
1.4323594e+00 1.78886e-39
1.4367652e+00 1.407e-39
1.4411845e+00 1.07272e-39
1.4456173e+00 8.47668e-40
1.4500639e+00 6.77754e-40
1.4545241e+00 5.27666e-40
1.4589980e+00 4.22895e-40
1.4634856e+00 3.41175e-40
1.4679871e+00 2.6886e-40
1.4725024e+00 2.17396e-40
1.4770316e+00 1.77091e-40
1.4815748e+00 1.41245e-40
1.4861319e+00 1.15239e-40
1.4907030e+00 9.46113e-41
1.4952882e+00 7.61923e-41
1.4998875e+00 6.26205e-41
1.5045009e+00 5.17462e-41
1.5091286e+00 4.20055e-41
1.5137704e+00 3.47352e-41
1.5184266e+00 2.88622e-41
1.5230970e+00 2.35877e-41
1.5277819e+00 1.96021e-41
1.5324811e+00 1.63497e-41
1.5371948e+00 1.34266e-41
1.5419230e+00 1.12015e-41
1.5466657e+00 9.38304e-42
1.5514231e+00 7.74603e-42
1.5561950e+00 6.48974e-42
1.5609817e+00 5.45813e-42
1.5657830e+00 4.52815e-42
1.5705991e+00 3.80932e-42
1.5754301e+00 3.21658e-42
1.5802759e+00 2.68163e-42
1.5851366e+00 2.26545e-42
1.5900122e+00 1.92101e-42
1.5949029e+00 1.60984e-42
1.5998086e+00 1.36808e-42
1.6047294e+00 1.17062e-42
1.6096653e+00 9.91017e-43
1.6146164e+00 8.49326e-43
1.6195827e+00 7.30843e-43
1.6245643e+00 6.22958e-43
1.6295613e+00 5.37362e-43
1.6345736e+00 4.65544e-43
1.6396013e+00 4.00078e-43
1.6446445e+00 3.47835e-43
1.6497031e+00 3.03846e-43
1.6547774e+00 2.63698e-43
1.6598673e+00 2.31461e-43
1.6649728e+00 2.04208e-43
1.6700940e+00 1.793e-43
1.6752310e+00 1.59451e-43
1.6803837e+00 1.4327e-43
1.6855524e+00 1.28263e-43
1.6907369e+00 1.15962e-43
1.6959373e+00 1.05371e-43
1.7011538e+00 9.55252e-44
1.7063863e+00 8.73787e-44
1.7116349e+00 8.03166e-44
1.7168997e+00 7.37329e-44
1.7221806e+00 6.82255e-44
1.7274778e+00 6.34125e-44
1.7327913e+00 5.89107e-44
1.7381211e+00 5.50965e-44
1.7434673e+00 5.17315e-44
1.7488300e+00 4.8572e-44
1.7542091e+00 4.58452e-44
1.7596048e+00 4.33886e-44
1.7650171e+00 4.10797e-44
1.7704460e+00 3.9067e-44
1.7758917e+00 3.72547e-44
1.7813541e+00 3.55429e-44
1.7868333e+00 3.40251e-44
1.7923293e+00 3.26411e-44
1.7978423e+00 3.13272e-44
1.8033722e+00 3.01423e-44
1.8089191e+00 2.90486e-44
1.8144831e+00 2.8005e-44
1.8200642e+00 2.7049e-44
1.8256624e+00 2.61565e-44
1.8312779e+00 2.53009e-44
1.8369106e+00 2.45161e-44
1.8425607e+00 2.37958e-44
1.8482282e+00 2.30963e-44
1.8539131e+00 2.24347e-44
1.8596154e+00 2.18021e-44
1.8653353e+00 2.11871e-44
1.8710728e+00 2.06016e-44
1.8768280e+00 2.00393e-44
1.8826009e+00 1.94923e-44
1.8883915e+00 1.89687e-44
1.8941999e+00 1.84642e-44
1.9000262e+00 1.79731e-44
1.9058704e+00 1.75009e-44
1.9117326e+00 1.70448e-44
1.9176128e+00 1.66005e-44
1.9235111e+00 1.61723e-44
1.9294276e+00 1.57581e-44
1.9353622e+00 1.53544e-44
1.9413151e+00 1.49639e-44
1.9472863e+00 1.45851e-44
1.9532759e+00 1.42159e-44
1.9592839e+00 1.38581e-44
1.9653104e+00 1.35105e-44
1.9713554e+00 1.31717e-44
1.9774190e+00 1.28428e-44
1.9835012e+00 1.25231e-44
1.9896022e+00 1.22114e-44
1.9957219e+00 1.19085e-44
2.0018605e+00 1.16138e-44
2.0080179e+00 1.13264e-44
2.0141943e+00 1.10466e-44
2.0203897e+00 1.07735e-44
2.0266041e+00 1.05074e-44
2.0328377e+00 1.02486e-44
2.0390904e+00 9.99671e-45
2.0453623e+00 9.7512e-45
2.0516536e+00 9.51222e-45
2.0579642e+00 9.27947e-45
2.0642942e+00 9.05257e-45
2.0706437e+00 8.83157e-45
2.0770127e+00 8.61624e-45
2.0834013e+00 8.40629e-45
2.0898095e+00 8.2017e-45
2.0962375e+00 8.0023e-45
2.1026852e+00 7.80785e-45
2.1091528e+00 7.61829e-45
2.1156402e+00 7.43348e-45
2.1221476e+00 7.25324e-45
2.1286750e+00 7.07751e-45
2.1352226e+00 6.90618e-45
2.1417902e+00 6.73907e-45
2.1483780e+00 6.57612e-45
2.1549861e+00 6.41721e-45
2.1616146e+00 6.26221e-45
2.1682634e+00 6.11104e-45
2.1749327e+00 5.96361e-45
2.1816224e+00 5.8198e-45
2.1883328e+00 5.67952e-45
2.1950638e+00 5.5427e-45
2.2018155e+00 5.40924e-45
2.2085880e+00 5.27905e-45
2.2153813e+00 5.15206e-45
2.2221955e+00 5.02817e-45
2.2290306e+00 4.90731e-45
2.2358868e+00 4.78942e-45
2.2427641e+00 4.6744e-45
2.2496625e+00 4.56219e-45
2.2565822e+00 4.45272e-45
2.2635231e+00 4.34592e-45
2.2704854e+00 4.24172e-45
2.2774691e+00 4.14007e-45
2.2844742e+00 4.04089e-45
2.2915009e+00 3.94413e-45
2.2985493e+00 3.84972e-45
2.3056193e+00 3.75761e-45
2.3127110e+00 3.66774e-45
2.3198246e+00 3.58007e-45
2.3269601e+00 3.49452e-45
2.3341175e+00 3.41105e-45
2.3412969e+00 3.3296e-45
2.3484984e+00 3.25013e-45
2.3557220e+00 3.17259e-45
2.3629679e+00 3.09693e-45
2.3702360e+00 3.02311e-45
2.3775265e+00 2.95107e-45
2.3848395e+00 2.88078e-45
2.3921749e+00 2.8122e-45
2.3995329e+00 2.74527e-45
2.4069135e+00 2.67996e-45
2.4143168e+00 2.61623e-45
2.4217429e+00 2.55405e-45
2.4291919e+00 2.49336e-45
2.4366637e+00 2.43415e-45
2.4441586e+00 2.37636e-45
2.4516764e+00 2.31997e-45
2.4592175e+00 2.26495e-45
2.4667817e+00 2.21125e-45
2.4743691e+00 2.15885e-45
2.4819799e+00 2.10771e-45
2.4896142e+00 2.0578e-45
2.4972719e+00 2.0091e-45
2.5049531e+00 1.96157e-45
2.5126580e+00 1.91519e-45
2.5203866e+00 1.86992e-45
2.5281389e+00 1.82575e-45
2.5359151e+00 1.78263e-45
2.5437152e+00 1.74056e-45
2.5515393e+00 1.69949e-45
2.5593875e+00 1.65941e-45
2.5672598e+00 1.6203e-45
2.5751563e+00 1.58212e-45
2.5830772e+00 1.54487e-45
2.5910223e+00 1.5085e-45
2.5989920e+00 1.47301e-45
2.6069861e+00 1.43837e-45
2.6150048e+00 1.40456e-45
2.6230482e+00 1.37156e-45
2.6311163e+00 1.33935e-45
2.6392092e+00 1.30792e-45
2.6473271e+00 1.27723e-45
2.6554699e+00 1.24728e-45
2.6636377e+00 1.21805e-45
2.6718307e+00 1.18952e-45
2.6800489e+00 1.16166e-45
2.6882923e+00 1.13448e-45
2.6965611e+00 1.10794e-45
2.7048554e+00 1.08204e-45
2.7131751e+00 1.05675e-45
2.7215205e+00 1.03207e-45
2.7298915e+00 1.00798e-45
2.7382882e+00 9.84458e-46
2.7467108e+00 9.61499e-46
2.7551593e+00 9.39088e-46
2.7636338e+00 9.1721e-46
2.7721343e+00 8.95853e-46
2.7806610e+00 8.75004e-46
2.7892139e+00 8.54651e-46
2.7977932e+00 8.34782e-46
2.8063988e+00 8.15384e-46
2.8150309e+00 7.96448e-46
2.8236895e+00 7.77961e-46
2.8323748e+00 7.59913e-46
2.8410868e+00 7.42293e-46
2.8498255e+00 7.25091e-46
2.8585912e+00 7.08297e-46
2.8673838e+00 6.919e-46
2.8762035e+00 6.75893e-46
2.8850503e+00 6.60263e-46
2.8939243e+00 6.45004e-46
2.9028256e+00 6.30106e-46
2.9117543e+00 6.15559e-46
2.9207104e+00 6.01357e-46
2.9296941e+00 5.8749e-46
2.9387054e+00 5.7395e-46
2.9477444e+00 5.6073e-46
2.9568113e+00 5.47822e-46
2.9659060e+00 5.35218e-46
2.9750287e+00 5.22912e-46
2.9841795e+00 5.10895e-46
2.9933584e+00 4.9916e-46
3.0025656e+00 4.87703e-46
3.0118010e+00 4.76515e-46
3.0210649e+00 4.65589e-46
3.0303573e+00 4.54921e-46
3.0396782e+00 4.44503e-46
3.0490278e+00 4.34329e-46
3.0584062e+00 4.24395e-46
3.0678134e+00 4.14693e-46
3.0772496e+00 4.05219e-46
3.0867148e+00 3.95967e-46
3.0962091e+00 3.86932e-46
3.1057326e+00 3.78108e-46
3.1152853e+00 3.6949e-46
3.1248675e+00 3.61075e-46
3.1344792e+00 3.52855e-46
3.1441204e+00 3.44828e-46
3.1537913e+00 3.36988e-46
3.1634919e+00 3.29332e-46
3.1732223e+00 3.21853e-46
3.1829827e+00 3.1455e-46
3.1927731e+00 3.07416e-46
3.2025936e+00 3.00449e-46
3.2124443e+00 2.93643e-46
3.2223254e+00 2.86996e-46
3.2322368e+00 2.80504e-46
3.2421787e+00 2.74162e-46
3.2521512e+00 2.67968e-46
3.2621543e+00 2.61918e-46
3.2721882e+00 2.56008e-46
3.2822530e+00 2.50235e-46
3.2923488e+00 2.44596e-46
3.3024756e+00 2.39087e-46
3.3126335e+00 2.33706e-46
3.3228227e+00 2.2845e-46
3.3330432e+00 2.23315e-46
3.3432952e+00 2.18298e-46
3.3535787e+00 2.13398e-46
3.3638938e+00 2.08611e-46
3.3742407e+00 2.03934e-46
3.3846194e+00 1.99365e-46
3.3950300e+00 1.94902e-46
3.4054726e+00 1.90541e-46
3.4159474e+00 1.86281e-46
3.4264543e+00 1.82118e-46
3.4369936e+00 1.78051e-46
3.4475653e+00 1.74078e-46
3.4581695e+00 1.70196e-46
3.4688064e+00 1.66403e-46
3.4794759e+00 1.62698e-46
3.4901783e+00 1.59077e-46
3.5009136e+00 1.55539e-46
3.5116819e+00 1.52082e-46
3.5224834e+00 1.48704e-46
3.5333180e+00 1.45403e-46
3.5441860e+00 1.42178e-46
3.5550874e+00 1.39027e-46
3.5660224e+00 1.35947e-46
3.5769909e+00 1.32938e-46
3.5879932e+00 1.29997e-46
3.5990294e+00 1.27124e-46
3.6100995e+00 1.24316e-46
3.6212037e+00 1.21571e-46
3.6323420e+00 1.18889e-46
3.6435145e+00 1.16268e-46
3.6547215e+00 1.13707e-46
3.6659629e+00 1.11204e-46
3.6772389e+00 1.08757e-46
3.6885495e+00 1.06366e-46
3.6998950e+00 1.04029e-46
3.7112753e+00 1.01746e-46
3.7226907e+00 9.95134e-47
3.7341412e+00 9.73316e-47
3.7456268e+00 9.51991e-47
3.7571479e+00 9.31148e-47
3.7687043e+00 9.10775e-47
3.7802963e+00 8.90862e-47
3.7919240e+00 8.71398e-47
3.8035874e+00 8.52371e-47
3.8152867e+00 8.33774e-47
3.8270220e+00 8.15594e-47
3.8387933e+00 7.97823e-47
3.8506009e+00 7.80452e-47
3.8624448e+00 7.63471e-47
3.8743251e+00 7.4687e-47
3.8862420e+00 7.30641e-47
3.8981955e+00 7.14777e-47
3.9101858e+00 6.99267e-47
3.9222130e+00 6.84104e-47
3.9342772e+00 6.69281e-47
3.9463785e+00 6.54788e-47
3.9585170e+00 6.40619e-47
3.9706928e+00 6.26767e-47
3.9829061e+00 6.13223e-47
3.9951569e+00 5.99981e-47
4.0074455e+00 5.87034e-47
4.0197718e+00 5.74375e-47
4.0321361e+00 5.61998e-47
4.0445383e+00 5.49896e-47
4.0569788e+00 5.38062e-47
4.0694575e+00 5.26491e-47
4.0819745e+00 5.15177e-47
4.0945301e+00 5.04113e-47
4.1071243e+00 4.93295e-47
4.1197572e+00 4.82716e-47
4.1324290e+00 4.72371e-47
4.1451398e+00 4.62255e-47
4.1578896e+00 4.52362e-47
4.1706787e+00 4.42687e-47
4.1835071e+00 4.33226e-47
4.1963750e+00 4.23974e-47
4.2092825e+00 4.14925e-47
4.2222296e+00 4.06075e-47
4.2352166e+00 3.97421e-47
4.2482435e+00 3.88956e-47
4.2613105e+00 3.80677e-47
4.2744177e+00 3.72581e-47
4.2875652e+00 3.64661e-47
4.3007531e+00 3.56916e-47
4.3139816e+00 3.4934e-47
4.3272508e+00 3.4193e-47
4.3405608e+00 3.34682e-47
4.3539118e+00 3.27593e-47
4.3673038e+00 3.20659e-47
4.3807370e+00 3.13876e-47
4.3942115e+00 3.07241e-47
4.4077275e+00 3.00751e-47
4.4212851e+00 2.94402e-47
4.4348843e+00 2.88191e-47
4.4485254e+00 2.82116e-47
4.4622084e+00 2.76173e-47
4.4759335e+00 2.70359e-47
4.4897009e+00 2.64672e-47
4.5035105e+00 2.59108e-47
4.5173627e+00 2.53664e-47
4.5312575e+00 2.48339e-47
4.5451950e+00 2.43129e-47
4.5591753e+00 2.38032e-47
4.5731987e+00 2.33045e-47
4.5872652e+00 2.28166e-47
4.6013750e+00 2.23393e-47
4.6155282e+00 2.18722e-47
4.6297249e+00 2.14153e-47
4.6439653e+00 2.09682e-47
4.6582494e+00 2.05308e-47
4.6725776e+00 2.01028e-47
4.6869497e+00 1.9684e-47
4.7013661e+00 1.92742e-47
4.7158269e+00 1.88732e-47
4.7303321e+00 1.84809e-47
4.7448819e+00 1.8097e-47
4.7594765e+00 1.77213e-47
4.7741160e+00 1.73537e-47
4.7888005e+00 1.6994e-47
4.8035301e+00 1.6642e-47
4.8183051e+00 1.62976e-47
4.8331255e+00 1.59605e-47
4.8479915e+00 1.56306e-47
4.8629033e+00 1.53078e-47
4.8778609e+00 1.4992e-47
4.8928645e+00 1.46828e-47
4.9079142e+00 1.43803e-47
4.9230103e+00 1.40842e-47
4.9381528e+00 1.37945e-47
4.9533418e+00 1.35109e-47
4.9685776e+00 1.32334e-47
4.9838602e+00 1.29619e-47
4.9991899e+00 1.26961e-47
5.0145667e+00 1.24359e-47
5.0299908e+00 1.21814e-47
5.0454623e+00 1.19322e-47
5.0609814e+00 1.16883e-47
5.0765483e+00 1.14497e-47
5.0921630e+00 1.12161e-47
5.1078258e+00 1.09875e-47
5.1235368e+00 1.07637e-47
5.1392960e+00 1.05448e-47
5.1551038e+00 1.03304e-47
5.1709601e+00 1.01206e-47
5.1868653e+00 9.91534e-48
5.2028193e+00 9.71439e-48
5.2188225e+00 9.51771e-48
5.2348748e+00 9.32521e-48
5.2509766e+00 9.13681e-48
5.2671278e+00 8.95241e-48
5.2833288e+00 8.77193e-48
5.2995795e+00 8.59528e-48
5.3158803e+00 8.42239e-48
5.3322312e+00 8.25317e-48
5.3486324e+00 8.08755e-48
5.3650840e+00 7.92545e-48
5.3815862e+00 7.7668e-48
5.3981392e+00 7.61152e-48
5.4147431e+00 7.45954e-48
5.4313981e+00 7.3108e-48
5.4481043e+00 7.16522e-48
5.4648619e+00 7.02274e-48
5.4816711e+00 6.8833e-48
5.4985319e+00 6.74683e-48
5.5154446e+00 6.61326e-48
5.5324093e+00 6.48255e-48
5.5494262e+00 6.35462e-48
5.5664955e+00 6.22943e-48
5.5836172e+00 6.10691e-48
5.6007916e+00 5.98701e-48
5.6180189e+00 5.86967e-48
5.6352991e+00 5.75485e-48
5.6526325e+00 5.64249e-48
5.6700192e+00 5.53255e-48
5.6874594e+00 5.42497e-48
5.7049532e+00 5.3197e-48
5.7225008e+00 5.2167e-48
5.7401024e+00 5.11592e-48
5.7577581e+00 5.01732e-48
5.7754682e+00 4.92086e-48
5.7932327e+00 4.82649e-48
5.8110519e+00 4.73418e-48
5.8289258e+00 4.64387e-48
5.8468548e+00 4.55554e-48
5.8648389e+00 4.46914e-48
5.8828783e+00 4.38464e-48
5.9009732e+00 4.302e-48
5.9191237e+00 4.22118e-48
5.9373301e+00 4.14216e-48
5.9555925e+00 4.06489e-48
5.9739111e+00 3.98934e-48
5.9922860e+00 3.91549e-48
6.0107174e+00 3.84329e-48
6.0292055e+00 3.77273e-48
6.0477505e+00 3.70376e-48
6.0663525e+00 3.63637e-48
6.0850117e+00 3.57052e-48
6.1037284e+00 3.50618e-48
6.1225026e+00 3.44333e-48
6.1413345e+00 3.38194e-48
6.1602244e+00 3.32199e-48
6.1791724e+00 3.26345e-48
6.1981786e+00 3.20629e-48
6.2172433e+00 3.15049e-48
6.2363667e+00 3.09603e-48
6.2555489e+00 3.04289e-48
6.2747901e+00 2.99103e-48
6.2940904e+00 2.94045e-48
6.3134501e+00 2.89111e-48
6.3328694e+00 2.843e-48
6.3523484e+00 2.79609e-48
6.3718874e+00 2.75036e-48
6.3914864e+00 2.7058e-48
6.4111457e+00 2.66238e-48
6.4308655e+00 2.62009e-48
6.4506459e+00 2.57889e-48
6.4704871e+00 2.53878e-48
6.4903894e+00 2.49973e-48
6.5103530e+00 2.46173e-48
6.5303779e+00 2.42475e-48
6.5504644e+00 2.38877e-48
6.5706127e+00 2.35379e-48
6.5908230e+00 2.31977e-48
6.6110954e+00 2.2867e-48
6.6314302e+00 2.25456e-48
6.6518275e+00 2.22334e-48
6.6722876e+00 2.19301e-48
6.6928106e+00 2.16355e-48
6.7133968e+00 2.13495e-48
6.7340462e+00 2.10719e-48
6.7547592e+00 2.08025e-48
6.7755359e+00 2.05411e-48
6.7963764e+00 2.02876e-48
6.8172811e+00 2.00417e-48
6.8382501e+00 1.98033e-48
6.8592836e+00 1.95722e-48
6.8803818e+00 1.93483e-48
6.9015449e+00 1.91312e-48
6.9227730e+00 1.8921e-48
6.9440665e+00 1.87174e-48
6.9654255e+00 1.85201e-48
6.9868501e+00 1.83292e-48
7.0083407e+00 1.81443e-48
7.0298973e+00 1.79654e-48
7.0515203e+00 1.77922e-48
7.0732098e+00 1.76246e-48
7.0949660e+00 1.74624e-48
7.1167891e+00 1.73056e-48
7.1386793e+00 1.71538e-48
7.1606369e+00 1.70071e-48
7.1826620e+00 1.68651e-48
7.2047548e+00 1.67278e-48
7.2269156e+00 1.65951e-48
7.2491446e+00 1.64668e-48
7.2714419e+00 1.63427e-48
7.2938079e+00 1.62228e-48
7.3162426e+00 1.61069e-48
7.3387463e+00 1.59949e-48
7.3613192e+00 1.58866e-48
7.3839616e+00 1.5782e-48
7.4066736e+00 1.56809e-48
7.4294555e+00 1.55832e-48
7.4523074e+00 1.54888e-48
7.4752297e+00 1.53977e-48
7.4982224e+00 1.53096e-48
7.5212859e+00 1.52246e-48
7.5444203e+00 1.51425e-48
7.5676259e+00 1.50632e-48
7.5909028e+00 1.49866e-48
7.6142514e+00 1.49127e-48
7.6376717e+00 1.48414e-48
7.6611641e+00 1.47726e-48
7.6847288e+00 1.47062e-48
7.7083659e+00 1.46422e-48
7.7320757e+00 1.45804e-48
7.7558585e+00 1.45209e-48
7.7797144e+00 1.44635e-48
7.8036437e+00 1.44082e-48
7.8276466e+00 1.4355e-48
7.8517233e+00 1.43037e-48
7.8758741e+00 1.42543e-48
7.9000992e+00 1.42068e-48
7.9243988e+00 1.41611e-48
7.9487731e+00 1.41171e-48
7.9732224e+00 1.40749e-48
7.9977469e+00 1.40343e-48
8.0223468e+00 1.39953e-48
8.0470224e+00 1.39578e-48
8.0717739e+00 1.39218e-48
8.0966016e+00 1.38872e-48
8.1215056e+00 1.3854e-48
8.1464861e+00 1.38222e-48
8.1715436e+00 1.37916e-48
8.1966781e+00 1.37622e-48
8.2218899e+00 1.37341e-48
8.2471793e+00 1.3707e-48
8.2725464e+00 1.36811e-48
8.2979916e+00 1.36562e-48
8.3235150e+00 1.36324e-48
8.3491170e+00 1.36096e-48
8.3747977e+00 1.35878e-48
8.4005574e+00 1.35669e-48
8.4263963e+00 1.35471e-48
8.4523147e+00 1.35281e-48
8.4783128e+00 1.35101e-48
8.5043909e+00 1.3493e-48
8.5305492e+00 1.34768e-48
8.5567880e+00 1.34615e-48
8.5831074e+00 1.34471e-48
8.6095078e+00 1.34336e-48
8.6359895e+00 1.34208e-48
8.6625525e+00 1.3409e-48
8.6891973e+00 1.33979e-48
8.7159241e+00 1.33876e-48
8.7427330e+00 1.33781e-48
8.7696244e+00 1.33693e-48
8.7965985e+00 1.33613e-48
8.8236556e+00 1.3354e-48
8.8507959e+00 1.33474e-48
8.8780197e+00 1.33414e-48
8.9053272e+00 1.33361e-48
8.9327188e+00 1.33314e-48
8.9601945e+00 1.33274e-48
8.9877548e+00 1.33239e-48
9.0153999e+00 1.3321e-48
9.0431300e+00 1.33187e-48
9.0709454e+00 1.33169e-48
9.0988463e+00 1.33156e-48
9.1268331e+00 1.33148e-48
9.1549059e+00 1.33145e-48
9.1830651e+00 1.33147e-48
9.2113109e+00 1.33153e-48
9.2396436e+00 1.33164e-48
9.2680634e+00 1.33179e-48
9.2965707e+00 1.33197e-48
9.3251656e+00 1.3322e-48
9.3538485e+00 1.33246e-48
9.3826196e+00 1.33276e-48
9.4114792e+00 1.33309e-48
9.4404276e+00 1.33346e-48
9.4694650e+00 1.33386e-48
9.4985917e+00 1.33428e-48
9.5278080e+00 1.33474e-48
9.5571142e+00 1.33522e-48
9.5865105e+00 1.33573e-48
9.6159973e+00 1.33626e-48
9.6455747e+00 1.33682e-48
9.6752431e+00 1.3374e-48
9.7050028e+00 1.33799e-48
9.7348540e+00 1.33861e-48
9.7647970e+00 1.33925e-48
9.7948322e+00 1.3399e-48
9.8249597e+00 1.34057e-48
9.8551799e+00 1.34125e-48
9.8854930e+00 1.34195e-48
9.9158994e+00 1.34265e-48
9.9463993e+00 1.34337e-48
9.9769930e+00 1.3441e-48
1.0007681e+01 1.34484e-48
1.0038463e+01 1.34559e-48
1.0069340e+01 1.34634e-48
1.0100312e+01 1.3471e-48
1.0131379e+01 1.34787e-48
1.0162542e+01 1.34864e-48
1.0193800e+01 1.34941e-48
1.0225155e+01 1.35018e-48
1.0256606e+01 1.35096e-48
1.0288154e+01 1.35173e-48
1.0319799e+01 1.35251e-48
1.0351541e+01 1.35328e-48
1.0383381e+01 1.35405e-48
1.0415319e+01 1.35481e-48
1.0447355e+01 1.35558e-48
1.0479489e+01 1.35633e-48
1.0511723e+01 1.35708e-48
1.0544055e+01 1.35783e-48
1.0576487e+01 1.35857e-48
1.0609019e+01 1.35929e-48
1.0641651e+01 1.36001e-48
1.0674383e+01 1.36072e-48
1.0707216e+01 1.36142e-48
1.0740150e+01 1.36211e-48
1.0773185e+01 1.36278e-48
1.0806322e+01 1.36345e-48
1.0839560e+01 1.3641e-48
1.0872901e+01 1.36473e-48
1.0906345e+01 1.36535e-48
1.0939891e+01 1.36595e-48
1.0973541e+01 1.36654e-48
1.1007294e+01 1.36711e-48
1.1041151e+01 1.36767e-48
1.1075112e+01 1.3682e-48
1.1109177e+01 1.36872e-48
1.1143347e+01 1.36922e-48
1.1177623e+01 1.36969e-48
1.1212004e+01 1.37015e-48
1.1246490e+01 1.37059e-48
1.1281083e+01 1.371e-48
1.1315782e+01 1.37139e-48
1.1350587e+01 1.37176e-48
1.1385500e+01 1.37211e-48
1.1420520e+01 1.37243e-48
1.1455648e+01 1.37273e-48
1.1490884e+01 1.373e-48
1.1526229e+01 1.37325e-48
1.1561682e+01 1.37348e-48
1.1597244e+01 1.37367e-48
1.1632915e+01 1.37384e-48
1.1668696e+01 1.37399e-48
1.1704588e+01 1.3741e-48
1.1740589e+01 1.37419e-48
1.1776702e+01 1.37425e-48
1.1812925e+01 1.37428e-48
1.1849260e+01 1.37428e-48
1.1885707e+01 1.37425e-48
1.1922265e+01 1.37419e-48
1.1958937e+01 1.37411e-48
1.1995721e+01 1.37399e-48
1.2032618e+01 1.37384e-48
1.2069628e+01 1.37366e-48
1.2106753e+01 1.37344e-48
1.2143991e+01 1.3732e-48
1.2181345e+01 1.37292e-48
1.2218813e+01 1.37261e-48
1.2256396e+01 1.37227e-48
1.2294095e+01 1.37189e-48
1.2331910e+01 1.37148e-48
1.2369841e+01 1.37104e-48
1.2407889e+01 1.37057e-48
1.2446054e+01 1.37005e-48
1.2484336e+01 1.36951e-48
1.2522736e+01 1.36893e-48
1.2561254e+01 1.36831e-48
1.2599891e+01 1.36766e-48
1.2638646e+01 1.36698e-48
1.2677521e+01 1.36626e-48
1.2716515e+01 1.3655e-48
1.2755630e+01 1.36471e-48
1.2794864e+01 1.36388e-48
1.2834219e+01 1.36302e-48
1.2873696e+01 1.36212e-48
1.2913293e+01 1.36118e-48
1.2953013e+01 1.36021e-48
1.2992854e+01 1.3592e-48
1.3032818e+01 1.35815e-48
1.3072906e+01 1.35707e-48
1.3113116e+01 1.35595e-48
1.3153450e+01 1.3548e-48
1.3193908e+01 1.3536e-48
1.3234491e+01 1.35238e-48
1.3275198e+01 1.35111e-48
1.3316031e+01 1.34981e-48
1.3356989e+01 1.34848e-48
1.3398073e+01 1.34711e-48
1.3439284e+01 1.3457e-48
1.3480621e+01 1.34426e-48
1.3522086e+01 1.34278e-48
1.3563678e+01 1.34127e-48
1.3605398e+01 1.33973e-48
1.3647246e+01 1.33815e-48
1.3689223e+01 1.33655e-48
1.3731329e+01 1.33491e-48
1.3773565e+01 1.33324e-48
1.3815930e+01 1.33155e-48
1.3858426e+01 1.32983e-48
1.3901052e+01 1.32809e-48
1.3943810e+01 1.32633e-48
1.3986699e+01 1.32455e-48
1.4029720e+01 1.32276e-48
1.4072874e+01 1.32096e-48
1.4116160e+01 1.31916e-48
1.4159579e+01 1.31737e-48
1.4203132e+01 1.31561e-48
1.4246819e+01 1.31389e-48
1.4290640e+01 1.31222e-48
1.4334596e+01 1.31064e-48
1.4378687e+01 1.3092e-48
1.4422914e+01 1.30793e-48
1.4467277e+01 1.30696e-48
1.4511776e+01 1.3064e-48
1.4556412e+01 1.30643e-48
1.4601186e+01 1.30747e-48
1.4646097e+01 1.31019e-48
1.4691146e+01 1.31543e-48
1.4736334e+01 1.32604e-48
1.4781661e+01 1.34984e-48
1.4827127e+01 1.59099e-48
1.4872734e+01 3.22801e-48
1.4918480e+01 5.47168e-48
1.4964367e+01 4.94208e-48
1.5010395e+01 2.65778e-48
1.5056565e+01 1.49178e-48
1.5102877e+01 1.35565e-48
1.5149331e+01 1.31094e-48
1.5195929e+01 1.28786e-48
1.5242669e+01 1.27446e-48
1.5289553e+01 1.26501e-48
1.5336582e+01 1.25781e-48
1.5383755e+01 1.25182e-48
1.5431073e+01 1.24657e-48
1.5478537e+01 1.24182e-48
1.5526147e+01 1.23739e-48
1.5573903e+01 1.23318e-48
1.5621806e+01 1.22912e-48
1.5669857e+01 1.22517e-48
1.5718055e+01 1.22128e-48
1.5766401e+01 1.21744e-48
1.5814897e+01 1.21362e-48
1.5863541e+01 1.20983e-48
1.5912335e+01 1.20604e-48
1.5961279e+01 1.20225e-48
1.6010374e+01 1.19845e-48
1.6059619e+01 1.19464e-48
1.6109016e+01 1.19082e-48
1.6158565e+01 1.18698e-48
1.6208267e+01 1.18313e-48
1.6258121e+01 1.17925e-48
1.6308129e+01 1.17536e-48
1.6358290e+01 1.17144e-48
1.6408606e+01 1.1675e-48
1.6459077e+01 1.16353e-48
1.6509702e+01 1.15954e-48
1.6560484e+01 1.15553e-48
1.6611422e+01 1.15149e-48
1.6662516e+01 1.14743e-48
1.6713768e+01 1.14334e-48
1.6765177e+01 1.13923e-48
1.6816744e+01 1.1351e-48
1.6868470e+01 1.13094e-48
1.6920355e+01 1.12676e-48
1.6972400e+01 1.12256e-48
1.7024604e+01 1.11833e-48
1.7076970e+01 1.11408e-48
1.7129496e+01 1.10981e-48
1.7182184e+01 1.10552e-48
1.7235034e+01 1.1012e-48
1.7288046e+01 1.09686e-48
1.7341222e+01 1.09251e-48
1.7394561e+01 1.08813e-48
1.7448064e+01 1.08374e-48
1.7501732e+01 1.07932e-48
1.7555565e+01 1.07489e-48
1.7609563e+01 1.07044e-48
1.7663728e+01 1.06598e-48
1.7718059e+01 1.06149e-48
1.7772557e+01 1.057e-48
1.7827223e+01 1.05248e-48
1.7882057e+01 1.04795e-48
1.7937060e+01 1.04341e-48
1.7992231e+01 1.03886e-48
1.8047573e+01 1.03429e-48
1.8103085e+01 1.02972e-48
1.8158767e+01 1.02513e-48
1.8214621e+01 1.02053e-48
1.8270647e+01 1.01593e-48
1.8326845e+01 1.01132e-48
1.8383215e+01 1.0067e-48
1.8439759e+01 1.00207e-48
1.8496478e+01 9.97444e-49
1.8553370e+01 9.9281e-49
1.8610438e+01 9.88175e-49
1.8667681e+01 9.83537e-49
1.8725100e+01 9.789e-49
1.8782696e+01 9.74264e-49
1.8840468e+01 9.69631e-49
1.8898419e+01 9.65001e-49
1.8956548e+01 9.60377e-49
1.9014856e+01 9.5576e-49
1.9073343e+01 9.51152e-49
1.9132009e+01 9.46556e-49
1.9190857e+01 9.41971e-49
1.9249885e+01 9.37402e-49
1.9309095e+01 9.32851e-49
1.9368487e+01 9.28321e-49
1.9428062e+01 9.23814e-49
1.9487820e+01 9.19334e-49
1.9547762e+01 9.14885e-49
1.9607888e+01 9.10473e-49
1.9668199e+01 9.06102e-49
1.9728695e+01 9.01778e-49
1.9789378e+01 8.9751e-49
1.9850247e+01 8.93307e-49
1.9911304e+01 8.89179e-49
1.9972548e+01 8.85141e-49
2.0033981e+01 8.81212e-49
2.0095603e+01 8.77411e-49
2.0157414e+01 8.7377e-49
2.0219415e+01 8.7033e-49
2.0281607e+01 8.67139e-49
2.0343991e+01 8.64272e-49
2.0406566e+01 8.61841e-49
2.0469333e+01 8.59985e-49
2.0532294e+01 8.5894e-49
2.0595449e+01 8.59112e-49
2.0658797e+01 8.6102e-49
2.0722341e+01 8.65747e-49
2.0786080e+01 8.75694e-49
2.0850015e+01 8.95929e-49
2.0914147e+01 9.41808e-49
2.0978475e+01 1.03664e-48
2.1043002e+01 1.37746e-48
2.1107728e+01 2.68458e-48
2.1172652e+01 3.97743e-48
2.1237776e+01 3.75529e-48
2.1303100e+01 2.132e-48
2.1368626e+01 1.00596e-48
2.1434353e+01 8.66667e-49
2.1500282e+01 8.30764e-49
2.1566413e+01 8.10426e-49
2.1632749e+01 7.96292e-49
2.1699288e+01 7.85725e-49
2.1766032e+01 7.77458e-49
2.1832981e+01 7.70563e-49
2.1900136e+01 7.64593e-49
2.1967498e+01 7.59295e-49
2.2035067e+01 7.54477e-49
2.2102844e+01 7.50024e-49
2.2170829e+01 7.45862e-49
2.2239023e+01 7.41937e-49
2.2307427e+01 7.38209e-49
2.2376042e+01 7.34652e-49
2.2444867e+01 7.31247e-49
2.2513904e+01 7.27978e-49
2.2583154e+01 7.24835e-49
2.2652617e+01 7.2181e-49
2.2722293e+01 7.18898e-49
2.2792183e+01 7.16093e-49
2.2862289e+01 7.13393e-49
2.2932610e+01 7.10795e-49
2.3003147e+01 7.08298e-49
2.3073902e+01 7.05901e-49
2.3144874e+01 7.03602e-49
2.3216064e+01 7.01402e-49
2.3287474e+01 6.99301e-49
2.3359102e+01 6.97299e-49
2.3430952e+01 6.95395e-49
2.3503022e+01 6.93591e-49
2.3575314e+01 6.91886e-49
2.3647828e+01 6.90282e-49
2.3720566e+01 6.88779e-49
2.3793527e+01 6.87378e-49
2.3866712e+01 6.86078e-49
2.3940123e+01 6.84882e-49
2.4013759e+01 6.83788e-49
2.4087622e+01 6.82798e-49
2.4161712e+01 6.81913e-49
2.4236030e+01 6.81132e-49
2.4310577e+01 6.80456e-49
2.4385353e+01 6.79885e-49
2.4460359e+01 6.7942e-49
2.4535595e+01 6.7906e-49
2.4611063e+01 6.78807e-49
2.4686763e+01 6.78659e-49
2.4762696e+01 6.78617e-49
2.4838863e+01 6.7868e-49
2.4915264e+01 6.78849e-49
2.4991900e+01 6.79123e-49
2.5068771e+01 6.79501e-49
2.5145879e+01 6.79983e-49
2.5223224e+01 6.80568e-49
2.5300807e+01 6.81256e-49
2.5378629e+01 6.82046e-49
2.5456690e+01 6.82937e-49
2.5534991e+01 6.83927e-49
2.5613533e+01 6.85017e-49
2.5692317e+01 6.86203e-49
2.5771343e+01 6.87486e-49
2.5850612e+01 6.88864e-49
2.5930124e+01 6.90336e-49
2.6009882e+01 6.91899e-49
2.6089885e+01 6.93552e-49
2.6170133e+01 6.95294e-49
2.6250629e+01 6.97122e-49
2.6331372e+01 6.99035e-49
2.6412364e+01 7.01031e-49
2.6493604e+01 7.03108e-49
2.6575095e+01 7.05263e-49
2.6656836e+01 7.07494e-49
2.6738829e+01 7.098e-49
2.6821074e+01 7.12177e-49
2.6903571e+01 7.14623e-49
2.6986323e+01 7.17136e-49
2.7069329e+01 7.19714e-49
2.7152591e+01 7.22352e-49
2.7236108e+01 7.2505e-49
2.7319882e+01 7.27803e-49
2.7403915e+01 7.30609e-49
2.7488205e+01 7.33465e-49
2.7572755e+01 7.36369e-49
2.7657565e+01 7.39316e-49
2.7742636e+01 7.42303e-49
2.7827968e+01 7.45328e-49
2.7913563e+01 7.48387e-49
2.7999421e+01 7.51477e-49
2.8085543e+01 7.54593e-49
2.8171930e+01 7.57733e-49
2.8258583e+01 7.60893e-49
2.8345503e+01 7.64068e-49
2.8432689e+01 7.67256e-49
2.8520144e+01 7.70452e-49
2.8607868e+01 7.73651e-49
2.8695862e+01 7.76851e-49
2.8784126e+01 7.80047e-49
2.8872662e+01 7.83235e-49
2.8961470e+01 7.8641e-49
2.9050552e+01 7.89568e-49
2.9139907e+01 7.92705e-49
2.9229537e+01 7.95816e-49
2.9319443e+01 7.98898e-49
2.9409626e+01 8.01944e-49
2.9500085e+01 8.04951e-49
2.9590824e+01 8.07915e-49
2.9681841e+01 8.1083e-49
2.9773138e+01 8.13692e-49
2.9864716e+01 8.16497e-49
2.9956575e+01 8.1924e-49
3.0048718e+01 8.21916e-49
3.0141143e+01 8.24521e-49
3.0233853e+01 8.27051e-49
3.0326848e+01 8.29501e-49
3.0420129e+01 8.31866e-49
3.0513697e+01 8.34143e-49
3.0607553e+01 8.36327e-49
3.0701697e+01 8.38415e-49
3.0796131e+01 8.40401e-49
3.0890856e+01 8.42283e-49
3.0985872e+01 8.44057e-49
3.1081180e+01 8.45719e-49
3.1176781e+01 8.47265e-49
3.1272677e+01 8.48693e-49
3.1368867e+01 8.49999e-49
3.1465353e+01 8.51181e-49
3.1562136e+01 8.52235e-49
3.1659217e+01 8.53159e-49
3.1756596e+01 8.53951e-49
3.1854275e+01 8.54608e-49
3.1952254e+01 8.55129e-49
3.2050535e+01 8.55512e-49
3.2149118e+01 8.55756e-49
3.2248004e+01 8.55858e-49
3.2347194e+01 8.55819e-49
3.2446689e+01 8.55637e-49
3.2546491e+01 8.55312e-49
3.2646599e+01 8.54843e-49
3.2747015e+01 8.5423e-49
3.2847741e+01 8.53474e-49
3.2948776e+01 8.52574e-49
3.3050121e+01 8.51531e-49
3.3151779e+01 8.50346e-49
3.3253749e+01 8.4902e-49
3.3356033e+01 8.47554e-49
3.3458631e+01 8.45949e-49
3.3561545e+01 8.44207e-49
3.3664776e+01 8.4233e-49
3.3768324e+01 8.40318e-49
3.3872190e+01 8.38176e-49
3.3976376e+01 8.35904e-49
3.4080883e+01 8.33505e-49
3.4185711e+01 8.30983e-49
3.4290861e+01 8.28338e-49
3.4396335e+01 8.25574e-49
3.4502133e+01 8.22695e-49
3.4608257e+01 8.19703e-49
3.4714707e+01 8.16601e-49
3.4821485e+01 8.13392e-49
3.4928590e+01 8.1008e-49
3.5036026e+01 8.06668e-49
3.5143792e+01 8.03159e-49
3.5251889e+01 7.99558e-49
3.5360319e+01 7.95866e-49
3.5469082e+01 7.92089e-49
3.5578180e+01 7.88229e-49
3.5687613e+01 7.8429e-49
3.5797383e+01 7.80275e-49
3.5907491e+01 7.76189e-49
3.6017937e+01 7.72034e-49
3.6128724e+01 7.67815e-49
3.6239850e+01 7.63535e-49
3.6351319e+01 7.59197e-49
3.6463130e+01 7.54805e-49
3.6575286e+01 7.50362e-49
3.6687786e+01 7.45871e-49
3.6800633e+01 7.41337e-49
3.6913826e+01 7.36762e-49
3.7027368e+01 7.3215e-49
3.7141259e+01 7.27503e-49
3.7255500e+01 7.22825e-49
3.7370093e+01 7.18119e-49
3.7485038e+01 7.13388e-49
3.7600336e+01 7.08635e-49
3.7715990e+01 7.03862e-49
3.7831999e+01 6.99073e-49
3.7948365e+01 6.9427e-49
3.8065088e+01 6.89456e-49
3.8182171e+01 6.84632e-49
3.8299614e+01 6.79803e-49
3.8417418e+01 6.7497e-49
3.8535585e+01 6.70135e-49
3.8654115e+01 6.65301e-49
3.8773009e+01 6.60469e-49
3.8892270e+01 6.55643e-49
3.9011897e+01 6.50823e-49
3.9131892e+01 6.46012e-49
3.9252256e+01 6.41212e-49
3.9372990e+01 6.36423e-49
3.9494096e+01 6.31649e-49
3.9615574e+01 6.26891e-49
3.9737426e+01 6.22149e-49
3.9859653e+01 6.17427e-49
3.9982255e+01 6.12724e-49
4.0105235e+01 6.08043e-49
4.0228593e+01 6.03384e-49
4.0352331e+01 5.98749e-49
4.0476449e+01 5.94139e-49
4.0600948e+01 5.89555e-49
4.0725831e+01 5.84997e-49
4.0851098e+01 5.80468e-49
4.0976750e+01 5.75968e-49
4.1102789e+01 5.71497e-49
4.1229215e+01 5.67057e-49
4.1356030e+01 5.62648e-49
4.1483236e+01 5.58271e-49
4.1610832e+01 5.53926e-49
4.1738821e+01 5.49614e-49
4.1867204e+01 5.45336e-49
4.1995982e+01 5.41093e-49
4.2125155e+01 5.36883e-49
4.2254726e+01 5.32709e-49
4.2384696e+01 5.2857e-49
4.2515065e+01 5.24466e-49
4.2645835e+01 5.20399e-49
4.2777008e+01 5.16368e-49
4.2908584e+01 5.12373e-49
4.3040565e+01 5.08415e-49
4.3172951e+01 5.04494e-49
4.3305745e+01 5.0061e-49
4.3438947e+01 4.96763e-49
4.3572559e+01 4.92953e-49
4.3706582e+01 4.8918e-49
4.3841018e+01 4.85445e-49
4.3975866e+01 4.81747e-49
4.4111130e+01 4.78086e-49
4.4246810e+01 4.74463e-49
4.4382906e+01 4.70877e-49
4.4519422e+01 4.67329e-49
4.4656357e+01 4.63818e-49
4.4793714e+01 4.60345e-49
4.4931493e+01 4.56911e-49
4.5069696e+01 4.53516e-49
4.5208324e+01 4.50173e-49
4.5347378e+01 4.46951e-49
4.5486860e+01 4.43811e-49
4.5626772e+01 4.40574e-49
4.5767113e+01 4.37293e-49
4.5907886e+01 4.34034e-49
4.6049092e+01 4.30818e-49
4.6190733e+01 4.27632e-49
4.6332809e+01 4.24507e-49
4.6475322e+01 4.21446e-49
4.6618273e+01 4.18428e-49
4.6761665e+01 4.15446e-49
4.6905497e+01 4.12499e-49
4.7049772e+01 4.09585e-49
4.7194490e+01 4.06706e-49
4.7339654e+01 4.0386e-49
4.7485264e+01 4.01046e-49
4.7631321e+01 3.98265e-49
4.7777829e+01 3.95516e-49
4.7924786e+01 3.92798e-49
4.8072196e+01 3.90113e-49
4.8220060e+01 3.87458e-49
4.8368378e+01 3.84834e-49
4.8517152e+01 3.8224e-49
4.8666384e+01 3.79677e-49
4.8816075e+01 3.77144e-49
4.8966226e+01 3.7464e-49
4.9116839e+01 3.72166e-49
4.9267916e+01 3.6972e-49
4.9419457e+01 3.67303e-49
4.9571464e+01 3.64914e-49
4.9723939e+01 3.62553e-49
4.9876882e+01 3.6022e-49
5.0030297e+01 3.57914e-49
5.0184183e+01 3.55635e-49
5.0338542e+01 3.53383e-49
5.0493376e+01 3.51157e-49
5.0648687e+01 3.48957e-49
5.0804475e+01 3.46783e-49
5.0960742e+01 3.44634e-49
5.1117490e+01 3.42511e-49
5.1274720e+01 3.40412e-49
5.1432434e+01 3.38338e-49
5.1590633e+01 3.36288e-49
5.1749319e+01 3.34262e-49
5.1908492e+01 3.32259e-49
5.2068155e+01 3.3028e-49
5.2228309e+01 3.28324e-49
5.2388956e+01 3.26391e-49
5.2550097e+01 3.2448e-49
5.2711734e+01 3.22591e-49
5.2873868e+01 3.20724e-49
5.3036500e+01 3.18878e-49
5.3199633e+01 3.17054e-49
5.3363268e+01 3.15251e-49
5.3527405e+01 3.13469e-49
5.3692048e+01 3.11707e-49
5.3857197e+01 3.09965e-49
5.4022854e+01 3.08243e-49
5.4189021e+01 3.06541e-49
5.4355699e+01 3.04858e-49
5.4522889e+01 3.03194e-49
5.4690594e+01 3.0155e-49
5.4858814e+01 2.99923e-49
5.5027552e+01 2.98316e-49
5.5196809e+01 2.96726e-49
5.5366587e+01 2.95154e-49
5.5536886e+01 2.936e-49
5.5707710e+01 2.92063e-49
5.5879059e+01 2.90544e-49
5.6050935e+01 2.89041e-49
5.6223340e+01 2.87555e-49
5.6396275e+01 2.86085e-49
5.6569742e+01 2.84632e-49
5.6743742e+01 2.83195e-49
5.6918278e+01 2.81773e-49
5.7093350e+01 2.80367e-49
5.7268961e+01 2.78976e-49
5.7445113e+01 2.77601e-49
5.7621806e+01 2.7624e-49
5.7799042e+01 2.74895e-49
5.7976824e+01 2.73563e-49
5.8155152e+01 2.72246e-49
5.8334029e+01 2.70944e-49
5.8513456e+01 2.69655e-49
5.8693435e+01 2.68379e-49
5.8873968e+01 2.67118e-49
5.9055056e+01 2.65869e-49
5.9236701e+01 2.64634e-49
5.9418905e+01 2.63412e-49
5.9601669e+01 2.62203e-49
5.9784995e+01 2.61006e-49
5.9968885e+01 2.59822e-49
6.0153341e+01 2.5865e-49
6.0338364e+01 2.5749e-49
6.0523956e+01 2.56342e-49
6.0710119e+01 2.55205e-49
6.0896855e+01 2.54081e-49
6.1084165e+01 2.52967e-49
6.1272051e+01 2.51865e-49
6.1460516e+01 2.50775e-49
6.1649559e+01 2.49695e-49
6.1839185e+01 2.48626e-49
6.2029393e+01 2.47567e-49
6.2220187e+01 2.46519e-49
6.2411567e+01 2.45482e-49
6.2603536e+01 2.44454e-49
6.2796096e+01 2.43437e-49
6.2989248e+01 2.4243e-49
6.3182994e+01 2.41432e-49
6.3377336e+01 2.40445e-49
6.3572275e+01 2.39466e-49
6.3767815e+01 2.38497e-49
6.3963955e+01 2.37538e-49
6.4160699e+01 2.36587e-49
6.4358049e+01 2.35646e-49
6.4556005e+01 2.34713e-49
6.4754570e+01 2.33789e-49
6.4953746e+01 2.32874e-49
6.5153534e+01 2.31968e-49
6.5353937e+01 2.31069e-49
6.5554957e+01 2.30179e-49
6.5756594e+01 2.29298e-49
6.5958852e+01 2.28424e-49
6.6161732e+01 2.27558e-49
6.6365237e+01 2.267e-49
6.6569367e+01 2.2585e-49
6.6774125e+01 2.25008e-49
6.6979512e+01 2.24173e-49
6.7185532e+01 2.23345e-49
6.7392185e+01 2.22525e-49
6.7599474e+01 2.21712e-49
6.7807400e+01 2.20906e-49
6.8015966e+01 2.20107e-49
6.8225173e+01 2.19315e-49
6.8435024e+01 2.1853e-49
6.8645521e+01 2.17752e-49
6.8856665e+01 2.16981e-49
6.9068458e+01 2.16216e-49
6.9280903e+01 2.15457e-49
6.9494001e+01 2.14705e-49
6.9707755e+01 2.13959e-49
6.9922166e+01 2.13219e-49
7.0137236e+01 2.12486e-49
7.0352969e+01 2.11759e-49
7.0569364e+01 2.11037e-49
7.0786426e+01 2.10322e-49
7.1004155e+01 2.09612e-49
7.1222553e+01 2.08908e-49
7.1441624e+01 2.0821e-49
7.1661368e+01 2.07518e-49
7.1881788e+01 2.06831e-49
7.2102886e+01 2.06149e-49
7.2324665e+01 2.05473e-49
7.2547125e+01 2.04802e-49
7.2770270e+01 2.04137e-49
7.2994101e+01 2.03476e-49
7.3218620e+01 2.02821e-49
7.3443830e+01 2.02171e-49
7.3669733e+01 2.01526e-49
7.3896331e+01 2.00885e-49
7.4123625e+01 2.0025e-49
7.4351619e+01 1.99619e-49
7.4580314e+01 1.98993e-49
7.4809713e+01 1.98372e-49
7.5039817e+01 1.97756e-49
7.5270628e+01 1.97144e-49
7.5502150e+01 1.96536e-49
7.5734384e+01 1.95933e-49
7.5967332e+01 1.95335e-49
7.6200997e+01 1.9474e-49
7.6435380e+01 1.9415e-49
7.6670485e+01 1.93565e-49
7.6906312e+01 1.92983e-49
7.7142865e+01 1.92406e-49
7.7380146e+01 1.91833e-49
7.7618156e+01 1.91263e-49
7.7856898e+01 1.90698e-49
7.8096375e+01 1.90137e-49
7.8336589e+01 1.89579e-49
7.8577541e+01 1.89026e-49
7.8819234e+01 1.88476e-49
7.9061671e+01 1.8793e-49
7.9304853e+01 1.87388e-49
7.9548784e+01 1.86849e-49
7.9793465e+01 1.86314e-49
8.0038898e+01 1.85783e-49
8.0285086e+01 1.85255e-49
8.0532032e+01 1.84731e-49
8.0779737e+01 1.8421e-49
8.1028204e+01 1.83692e-49
8.1277435e+01 1.83178e-49
8.1527433e+01 1.82668e-49
8.1778200e+01 1.8216e-49
8.2029738e+01 1.81656e-49
8.2282050e+01 1.81155e-49
8.2535138e+01 1.80658e-49
8.2789004e+01 1.80163e-49
8.3043651e+01 1.79672e-49
8.3299082e+01 1.79184e-49
8.3555298e+01 1.78698e-49
8.3812302e+01 1.78216e-49
8.4070097e+01 1.77737e-49
8.4328684e+01 1.77261e-49
8.4588067e+01 1.76788e-49
8.4848248e+01 1.76317e-49
8.5109230e+01 1.7585e-49
8.5371013e+01 1.75385e-49
8.5633603e+01 1.74923e-49
8.5896999e+01 1.74464e-49
8.6161206e+01 1.74008e-49
8.6426226e+01 1.73554e-49
8.6692061e+01 1.73103e-49
8.6958713e+01 1.72655e-49
8.7226186e+01 1.72209e-49
8.7494481e+01 1.71766e-49
8.7763602e+01 1.71326e-49
8.8033550e+01 1.70888e-49
8.8304329e+01 1.70453e-49
8.8575940e+01 1.7002e-49
8.8848387e+01 1.6959e-49
8.9121672e+01 1.69162e-49
8.9395798e+01 1.68736e-49
8.9670767e+01 1.68313e-49
8.9946581e+01 1.67893e-49
9.0223244e+01 1.67474e-49
9.0500758e+01 1.67059e-49
9.0779126e+01 1.66645e-49
9.1058349e+01 1.66234e-49
9.1338432e+01 1.65825e-49
9.1619376e+01 1.65418e-49
9.1901184e+01 1.65013e-49
9.2183859e+01 1.64611e-49
9.2467404e+01 1.64211e-49
9.2751820e+01 1.63813e-49
9.3037112e+01 1.63417e-49
9.3323280e+01 1.63023e-49
9.3610330e+01 1.62632e-49
9.3898262e+01 1.62242e-49
9.4187079e+01 1.61855e-49
9.4476786e+01 1.6147e-49
9.4767383e+01 1.61086e-49
9.5058874e+01 1.60705e-49
9.5351261e+01 1.60326e-49
9.5644548e+01 1.59949e-49
9.5938737e+01 1.59573e-49
9.6233831e+01 1.592e-49
9.6529833e+01 1.58828e-49
9.6826745e+01 1.58459e-49
9.7124570e+01 1.58091e-49
9.7423312e+01 1.57726e-49
9.7722972e+01 1.57362e-49
9.8023554e+01 1.57e-49
9.8325060e+01 1.5664e-49
9.8627494e+01 1.56282e-49
9.8930858e+01 1.55925e-49
9.9235156e+01 1.5557e-49
9.9540389e+01 1.55217e-49
9.9846561e+01 1.54866e-49
1.0015367e+02 1.54517e-49
1.0046173e+02 1.54169e-49
1.0077074e+02 1.53823e-49
1.0108070e+02 1.53479e-49
1.0139161e+02 1.53137e-49
1.0170347e+02 1.52796e-49
1.0201630e+02 1.52457e-49
1.0233008e+02 1.52119e-49
1.0264484e+02 1.51784e-49
1.0296056e+02 1.5145e-49
1.0327725e+02 1.51117e-49
1.0359492e+02 1.50786e-49
1.0391356e+02 1.50457e-49
1.0423318e+02 1.50129e-49
1.0455379e+02 1.49803e-49
1.0487538e+02 1.49478e-49
1.0519796e+02 1.49156e-49
1.0552154e+02 1.48834e-49
1.0584611e+02 1.48514e-49
1.0617168e+02 1.48196e-49
1.0649824e+02 1.47879e-49
1.0682582e+02 1.47564e-49
1.0715440e+02 1.4725e-49
1.0748399e+02 1.46938e-49
1.0781460e+02 1.46627e-49
1.0814622e+02 1.46317e-49
1.0847886e+02 1.46009e-49
1.0881253e+02 1.45703e-49
1.0914722e+02 1.45398e-49
1.0948294e+02 1.45094e-49
1.0981969e+02 1.44792e-49
1.1015748e+02 1.44491e-49
1.1049631e+02 1.44192e-49
1.1083618e+02 1.43894e-49
1.1117710e+02 1.43598e-49
1.1151906e+02 1.43302e-49
1.1186208e+02 1.43009e-49
1.1220615e+02 1.42716e-49
1.1255128e+02 1.42425e-49
1.1289747e+02 1.42135e-49
1.1324473e+02 1.41847e-49
1.1359306e+02 1.4156e-49
1.1394245e+02 1.41274e-49
1.1429292e+02 1.4099e-49
1.1464447e+02 1.40707e-49
1.1499710e+02 1.40425e-49
1.1535082e+02 1.40144e-49
1.1570562e+02 1.39865e-49
1.1606151e+02 1.39587e-49
1.1641850e+02 1.39311e-49
1.1677659e+02 1.39035e-49
1.1713578e+02 1.38761e-49
1.1749607e+02 1.38488e-49
1.1785747e+02 1.38217e-49
1.1821998e+02 1.37947e-49
1.1858361e+02 1.37677e-49
1.1894836e+02 1.3741e-49
1.1931423e+02 1.37143e-49
1.1968122e+02 1.36878e-49
1.2004934e+02 1.36613e-49
1.2041860e+02 1.3635e-49
1.2078899e+02 1.36089e-49
1.2116052e+02 1.35828e-49
1.2153319e+02 1.35569e-49
1.2190701e+02 1.3531e-49
1.2228198e+02 1.35053e-49
1.2265810e+02 1.34798e-49
1.2303538e+02 1.34543e-49
1.2341382e+02 1.34289e-49
1.2379342e+02 1.34037e-49
1.2417419e+02 1.33786e-49
1.2455613e+02 1.33536e-49
1.2493925e+02 1.33287e-49
1.2532355e+02 1.33039e-49
1.2570902e+02 1.32793e-49
1.2609569e+02 1.32547e-49
1.2648354e+02 1.32303e-49
1.2687259e+02 1.3206e-49
1.2726283e+02 1.31817e-49
1.2765427e+02 1.31576e-49
1.2804692e+02 1.31337e-49
1.2844077e+02 1.31098e-49
1.2883584e+02 1.3086e-49
1.2923212e+02 1.30624e-49
1.2962962e+02 1.30388e-49
1.3002834e+02 1.30154e-49
1.3042829e+02 1.2992e-49
1.3082947e+02 1.29688e-49
1.3123188e+02 1.29457e-49
1.3163553e+02 1.29227e-49
1.3204042e+02 1.28998e-49
1.3244656e+02 1.2877e-49
1.3285395e+02 1.28543e-49
1.3326259e+02 1.28317e-49
1.3367248e+02 1.28093e-49
1.3408364e+02 1.27869e-49
1.3449606e+02 1.27646e-49
1.3490975e+02 1.27425e-49
1.3532472e+02 1.27204e-49
1.3574096e+02 1.26985e-49
1.3615848e+02 1.26766e-49
1.3657728e+02 1.26549e-49
1.3699737e+02 1.26332e-49
1.3741876e+02 1.26117e-49
1.3784144e+02 1.25903e-49
1.3826542e+02 1.25689e-49
1.3869070e+02 1.25477e-49
1.3911730e+02 1.25266e-49
1.3954520e+02 1.25055e-49
1.3997442e+02 1.24846e-49
1.4040496e+02 1.24638e-49
1.4083683e+02 1.24431e-49
1.4127002e+02 1.24224e-49
1.4170455e+02 1.24019e-49
1.4214041e+02 1.23815e-49
1.4257762e+02 1.23612e-49
1.4301617e+02 1.23409e-49
1.4345606e+02 1.23208e-49
1.4389731e+02 1.23008e-49
1.4433992e+02 1.22809e-49
1.4478389e+02 1.2261e-49
1.4522922e+02 1.22413e-49
1.4567593e+02 1.22216e-49
1.4612401e+02 1.22021e-49
1.4657346e+02 1.21827e-49
1.4702430e+02 1.21633e-49
1.4747653e+02 1.21441e-49
1.4793015e+02 1.21249e-49
1.4838516e+02 1.21059e-49
1.4884157e+02 1.20869e-49
1.4929939e+02 1.20681e-49
1.4975861e+02 1.20493e-49
1.5021925e+02 1.20306e-49
1.5068130e+02 1.20121e-49
1.5114477e+02 1.19936e-49
1.5160967e+02 1.19752e-49
1.5207600e+02 1.19569e-49
1.5254377e+02 1.19387e-49
1.5301297e+02 1.19206e-49
1.5348362e+02 1.19026e-49
1.5395571e+02 1.18847e-49
1.5442926e+02 1.18669e-49
1.5490426e+02 1.18492e-49
1.5538072e+02 1.18315e-49
1.5585865e+02 1.1814e-49
1.5633805e+02 1.17966e-49
1.5681892e+02 1.17792e-49
1.5730128e+02 1.1762e-49
1.5778511e+02 1.17448e-49
1.5827044e+02 1.17278e-49
1.5875725e+02 1.17108e-49
1.5924557e+02 1.16939e-49
1.5973539e+02 1.16771e-49
1.6022671e+02 1.16604e-49
1.6071954e+02 1.16439e-49
1.6121389e+02 1.16273e-49
1.6170976e+02 1.16109e-49
1.6220716e+02 1.15946e-49
1.6270609e+02 1.15784e-49
1.6320655e+02 1.15623e-49
1.6370855e+02 1.15462e-49
1.6421209e+02 1.15303e-49
1.6471719e+02 1.15144e-49
1.6522383e+02 1.14986e-49
1.6573204e+02 1.1483e-49
1.6624181e+02 1.14674e-49
1.6675314e+02 1.14519e-49
1.6726605e+02 1.14365e-49
1.6778054e+02 1.14212e-49
1.6829661e+02 1.1406e-49
1.6881426e+02 1.13908e-49
1.6933351e+02 1.13758e-49
1.6985436e+02 1.13608e-49
1.7037681e+02 1.1346e-49
1.7090086e+02 1.13312e-49
1.7142653e+02 1.13166e-49
1.7195381e+02 1.1302e-49
1.7248272e+02 1.12875e-49
1.7301325e+02 1.12731e-49
1.7354541e+02 1.12588e-49
1.7407921e+02 1.12446e-49
1.7461466e+02 1.12305e-49
1.7515175e+02 1.12164e-49
1.7569049e+02 1.12025e-49
1.7623089e+02 1.11886e-49
1.7677295e+02 1.11749e-49
1.7731668e+02 1.11612e-49
1.7786208e+02 1.11476e-49
1.7840916e+02 1.11341e-49
1.7895792e+02 1.11207e-49
1.7950837e+02 1.11074e-49
1.8006051e+02 1.10942e-49
1.8061435e+02 1.10811e-49
1.8116989e+02 1.10681e-49
1.8172715e+02 1.10551e-49
1.8228611e+02 1.10423e-49
1.8284680e+02 1.10295e-49
1.8340921e+02 1.10168e-49
1.8397335e+02 1.10043e-49
1.8453923e+02 1.09918e-49
1.8510684e+02 1.09794e-49
1.8567621e+02 1.09671e-49
1.8624732e+02 1.09549e-49
1.8682019e+02 1.09427e-49
1.8739482e+02 1.09307e-49
1.8797122e+02 1.09188e-49
1.8854939e+02 1.09069e-49
1.8912935e+02 1.08951e-49
1.8971108e+02 1.08835e-49
1.9029460e+02 1.08719e-49
1.9087992e+02 1.08604e-49
1.9146704e+02 1.0849e-49
1.9205597e+02 1.08377e-49
1.9264671e+02 1.08265e-49
1.9323926e+02 1.08154e-49
1.9383364e+02 1.08043e-49
1.9442984e+02 1.07934e-49
1.9502788e+02 1.07826e-49
1.9562776e+02 1.07718e-49
1.9622948e+02 1.07611e-49
1.9683305e+02 1.07506e-49
1.9743849e+02 1.07401e-49
1.9804578e+02 1.07297e-49
1.9865494e+02 1.07194e-49
1.9926597e+02 1.07092e-49
1.9987889e+02 1.06991e-49
2.0049369e+02 1.06891e-49
2.0111038e+02 1.06791e-49
2.0172896e+02 1.06693e-49
2.0234945e+02 1.06596e-49
2.0297185e+02 1.06499e-49
2.0359616e+02 1.06404e-49
2.0422240e+02 1.06309e-49
2.0485056e+02 1.06215e-49
2.0548065e+02 1.06122e-49
2.0611268e+02 1.06031e-49
2.0674665e+02 1.0594e-49
2.0738257e+02 1.0585e-49
2.0802045e+02 1.05761e-49
2.0866029e+02 1.05673e-49
2.0930210e+02 1.05585e-49
2.0994589e+02 1.05499e-49
2.1059165e+02 1.05414e-49
2.1123940e+02 1.0533e-49
2.1188914e+02 1.05246e-49
2.1254088e+02 1.05164e-49
2.1319463e+02 1.05082e-49
2.1385039e+02 1.05002e-49
2.1450816e+02 1.04922e-49
2.1516796e+02 1.04843e-49
2.1582978e+02 1.04766e-49
2.1649364e+02 1.04689e-49
2.1715955e+02 1.04613e-49
2.1782750e+02 1.04538e-49
2.1849750e+02 1.04464e-49
2.1916957e+02 1.04391e-49
2.1984371e+02 1.04319e-49
2.2051991e+02 1.04248e-49
2.2119820e+02 1.04178e-49
2.2187858e+02 1.04109e-49
2.2256104e+02 1.04041e-49
2.2324561e+02 1.03974e-49
2.2393228e+02 1.03908e-49
2.2462107e+02 1.03843e-49
2.2531197e+02 1.03778e-49
2.2600500e+02 1.03715e-49
2.2670016e+02 1.03653e-49
2.2739745e+02 1.03592e-49
2.2809689e+02 1.03531e-49
2.2879849e+02 1.03472e-49
2.2950224e+02 1.03414e-49
2.3020816e+02 1.03356e-49
2.3091624e+02 1.033e-49
2.3162651e+02 1.03245e-49
2.3233896e+02 1.0319e-49
2.3305360e+02 1.03137e-49
2.3377044e+02 1.03084e-49
2.3448949e+02 1.03033e-49
2.3521074e+02 1.02983e-49
2.3593422e+02 1.02933e-49
2.3665992e+02 1.02885e-49
2.3738785e+02 1.02838e-49
2.3811802e+02 1.02791e-49
2.3885044e+02 1.02746e-49
2.3958511e+02 1.02702e-49
2.4032204e+02 1.02658e-49
2.4106123e+02 1.02616e-49
2.4180270e+02 1.02575e-49
2.4254646e+02 1.02535e-49
2.4329249e+02 1.02496e-49
2.4404083e+02 1.02458e-49
2.4479146e+02 1.0242e-49
2.4554441e+02 1.02384e-49
2.4629967e+02 1.02349e-49
2.4705725e+02 1.02315e-49
2.4781716e+02 1.02283e-49
2.4857941e+02 1.02251e-49
2.4934401e+02 1.0222e-49
2.5011095e+02 1.0219e-49
2.5088026e+02 1.02161e-49
2.5165193e+02 1.02134e-49
2.5242598e+02 1.02107e-49
2.5320240e+02 1.02082e-49
2.5398122e+02 1.02057e-49
2.5476243e+02 1.02034e-49
2.5554604e+02 1.02012e-49
2.5633206e+02 1.0199e-49
2.5712050e+02 1.0197e-49
2.5791137e+02 1.01951e-49
2.5870467e+02 1.01933e-49
2.5950041e+02 1.01916e-49
2.6029859e+02 1.01901e-49
2.6109924e+02 1.01886e-49
2.6190234e+02 1.01872e-49
2.6270792e+02 1.0186e-49
2.6351597e+02 1.01849e-49
2.6432650e+02 1.01838e-49
2.6513954e+02 1.01829e-49
2.6595507e+02 1.01821e-49
2.6677311e+02 1.01814e-49
2.6759366e+02 1.01809e-49
2.6841674e+02 1.01804e-49
2.6924236e+02 1.01801e-49
2.7007051e+02 1.01798e-49
2.7090121e+02 1.01797e-49
2.7173446e+02 1.01797e-49
2.7257028e+02 1.01798e-49
2.7340866e+02 1.018e-49
2.7424963e+02 1.01804e-49
2.7509318e+02 1.01808e-49
2.7593933e+02 1.01814e-49
2.7678808e+02 1.01821e-49
2.7763944e+02 1.01829e-49
2.7849342e+02 1.01838e-49
2.7935003e+02 1.01849e-49
2.8020927e+02 1.0186e-49
2.8107115e+02 1.01873e-49
2.8193569e+02 1.01887e-49
2.8280288e+02 1.01902e-49
2.8367274e+02 1.01919e-49
2.8454528e+02 1.01936e-49
2.8542050e+02 1.01955e-49
2.8629841e+02 1.01975e-49
2.8717903e+02 1.01996e-49
2.8806235e+02 1.02019e-49
2.8894839e+02 1.02042e-49
2.8983715e+02 1.02067e-49
2.9072865e+02 1.02093e-49
2.9162289e+02 1.02121e-49
2.9251988e+02 1.02149e-49
2.9341963e+02 1.02179e-49
2.9432215e+02 1.02211e-49
2.9522744e+02 1.02243e-49
2.9613552e+02 1.02277e-49
2.9704639e+02 1.02312e-49
2.9796006e+02 1.02348e-49
2.9887654e+02 1.02385e-49
2.9979584e+02 1.02424e-49
3.0071797e+02 1.02464e-49
3.0164294e+02 1.02505e-49
3.0257075e+02 1.02548e-49
3.0350142e+02 1.02592e-49
3.0443494e+02 1.02637e-49
3.0537134e+02 1.02684e-49
3.0631062e+02 1.02732e-49
3.0725279e+02 1.02781e-49
3.0819785e+02 1.02832e-49
3.0914583e+02 1.02884e-49
3.1009672e+02 1.02937e-49
3.1105053e+02 1.02992e-49
3.1200728e+02 1.03047e-49
3.1296697e+02 1.03105e-49
3.1392961e+02 1.03163e-49
3.1489521e+02 1.03223e-49
3.1586378e+02 1.03285e-49
3.1683534e+02 1.03348e-49
3.1780988e+02 1.03412e-49
3.1878741e+02 1.03478e-49
3.1976796e+02 1.03545e-49
3.2075152e+02 1.03613e-49
3.2173811e+02 1.03683e-49
3.2272773e+02 1.03754e-49
3.2372039e+02 1.03827e-49
3.2471611e+02 1.03901e-49
3.2571489e+02 1.03976e-49
3.2671674e+02 1.04053e-49
3.2772168e+02 1.04132e-49
3.2872970e+02 1.04211e-49
3.2974083e+02 1.04293e-49
3.3075506e+02 1.04376e-49
3.3177242e+02 1.0446e-49
3.3279290e+02 1.04546e-49
3.3381653e+02 1.04633e-49
3.3484330e+02 1.04722e-49
3.3587323e+02 1.04812e-49
3.3690633e+02 1.04904e-49
3.3794261e+02 1.04997e-49
3.3898207e+02 1.05092e-49
3.4002473e+02 1.05188e-49
3.4107060e+02 1.05286e-49
3.4211968e+02 1.05385e-49
3.4317199e+02 1.05486e-49
3.4422754e+02 1.05589e-49
3.4528634e+02 1.05693e-49
3.4634839e+02 1.05799e-49
3.4741371e+02 1.05906e-49
3.4848230e+02 1.06015e-49
3.4955418e+02 1.06125e-49
3.5062936e+02 1.06237e-49
3.5170785e+02 1.06351e-49
3.5278965e+02 1.06467e-49
3.5387478e+02 1.06584e-49
3.5496325e+02 1.06702e-49
3.5605507e+02 1.06822e-49
3.5715024e+02 1.06944e-49
3.5824879e+02 1.07068e-49
3.5935071e+02 1.07193e-49
3.6045602e+02 1.07321e-49
3.6156473e+02 1.07449e-49
3.6267685e+02 1.0758e-49
3.6379240e+02 1.07712e-49
3.6491137e+02 1.07846e-49
3.6603379e+02 1.07982e-49
3.6715965e+02 1.08119e-49
3.6828898e+02 1.08258e-49
3.6942179e+02 1.08399e-49
3.7055808e+02 1.08542e-49
3.7169786e+02 1.08687e-49
3.7284115e+02 1.08834e-49
3.7398796e+02 1.08982e-49
3.7513829e+02 1.09132e-49
3.7629216e+02 1.09285e-49
3.7744959e+02 1.09439e-49
3.7861057e+02 1.09595e-49
3.7977512e+02 1.09753e-49
3.8094325e+02 1.09914e-49
3.8211498e+02 1.10076e-49
3.8329031e+02 1.1024e-49
3.8446926e+02 1.10407e-49
3.8565183e+02 1.10575e-49
3.8683804e+02 1.10746e-49
3.8802790e+02 1.1092e-49
3.8922142e+02 1.11096e-49
3.9041861e+02 1.11274e-49
3.9161948e+02 1.11455e-49
3.9282405e+02 1.11639e-49
3.9403232e+02 1.11826e-49
3.9524431e+02 1.12016e-49
3.9646002e+02 1.12209e-49
3.9767948e+02 1.12406e-49
3.9890268e+02 1.12608e-49
4.0012965e+02 1.12815e-49
4.0136039e+02 1.13027e-49
4.0259492e+02 1.13246e-49
4.0383324e+02 1.13474e-49
4.0507538e+02 1.13712e-49
4.0632133e+02 1.13964e-49
4.0757112e+02 1.14235e-49
4.0882475e+02 1.14532e-49
4.1008224e+02 1.14869e-49
4.1134359e+02 1.15267e-49
4.1260883e+02 1.15771e-49
4.1387795e+02 1.16469e-49
4.1515098e+02 1.17577e-49
4.1642793e+02 1.19726e-49
4.1770880e+02 1.25501e-49
4.1899361e+02 1.56597e-49
4.2028238e+02 3.46704e-47
4.2157511e+02 1.50929e-49
4.2287181e+02 1.25203e-49
4.2417251e+02 1.20496e-49
4.2547720e+02 1.1899e-49
4.2678591e+02 1.18419e-49
4.2809864e+02 1.18218e-49
4.2941541e+02 1.18193e-49
4.3073623e+02 1.18262e-49
4.3206111e+02 1.18388e-49
4.3339007e+02 1.18548e-49
4.3472312e+02 1.18733e-49
4.3606027e+02 1.18935e-49
4.3740153e+02 1.19149e-49
4.3874691e+02 1.19372e-49
4.4009643e+02 1.19604e-49
4.4145011e+02 1.19842e-49
4.4280795e+02 1.20085e-49
4.4416996e+02 1.20333e-49
4.4553616e+02 1.20586e-49
4.4690657e+02 1.20842e-49
4.4828119e+02 1.21102e-49
4.4966004e+02 1.21366e-49
4.5104313e+02 1.21633e-49
4.5243047e+02 1.21903e-49
4.5382209e+02 1.22175e-49
4.5521798e+02 1.22451e-49
4.5661816e+02 1.2273e-49
4.5802266e+02 1.23012e-49
4.5943147e+02 1.23296e-49
4.6084462e+02 1.23583e-49
4.6226211e+02 1.23873e-49
4.6368396e+02 1.24165e-49
4.6511019e+02 1.24461e-49
4.6654080e+02 1.24758e-49
4.6797581e+02 1.25059e-49
4.6941524e+02 1.25362e-49
4.7085910e+02 1.25668e-49
4.7230739e+02 1.25977e-49
4.7376014e+02 1.26289e-49
4.7521736e+02 1.26603e-49
4.7667906e+02 1.26919e-49
4.7814526e+02 1.27239e-49
4.7961597e+02 1.27561e-49
4.8109120e+02 1.27886e-49
4.8257096e+02 1.28214e-49
4.8405528e+02 1.28544e-49
4.8554417e+02 1.28878e-49
4.8703763e+02 1.29214e-49
4.8853569e+02 1.29552e-49
4.9003836e+02 1.29894e-49
4.9154565e+02 1.30238e-49
4.9305757e+02 1.30586e-49
4.9457415e+02 1.30936e-49
4.9609539e+02 1.31289e-49
4.9762131e+02 1.31644e-49
4.9915192e+02 1.32003e-49
5.0068724e+02 1.32365e-49
5.0222728e+02 1.32729e-49
5.0377206e+02 1.33096e-49
5.0532159e+02 1.33467e-49
5.0687589e+02 1.3384e-49
5.0843497e+02 1.34216e-49
5.0999884e+02 1.34595e-49
5.1156753e+02 1.34978e-49
5.1314103e+02 1.35363e-49
5.1471938e+02 1.35751e-49
5.1630259e+02 1.36143e-49
5.1789066e+02 1.36537e-49
5.1948362e+02 1.36934e-49
5.2108148e+02 1.37335e-49
5.2268425e+02 1.37739e-49
5.2429195e+02 1.38146e-49
5.2590460e+02 1.38556e-49
5.2752221e+02 1.38969e-49
5.2914479e+02 1.39385e-49
5.3077236e+02 1.39805e-49
5.3240495e+02 1.40227e-49
5.3404255e+02 1.40653e-49
5.3568519e+02 1.41083e-49
5.3733288e+02 1.41515e-49
5.3898564e+02 1.41951e-49
5.4064348e+02 1.4239e-49
5.4230642e+02 1.42833e-49
5.4397448e+02 1.43278e-49
5.4564767e+02 1.43728e-49
5.4732600e+02 1.4418e-49
5.4900950e+02 1.44636e-49
5.5069818e+02 1.45096e-49
5.5239205e+02 1.45558e-49
5.5409112e+02 1.46025e-49
5.5579543e+02 1.46495e-49
5.5750498e+02 1.46968e-49
5.5921978e+02 1.47445e-49
5.6093986e+02 1.47925e-49
5.6266524e+02 1.48409e-49
5.6439591e+02 1.48897e-49
5.6613192e+02 1.49388e-49
5.6787326e+02 1.49882e-49
5.6961995e+02 1.50381e-49
5.7137202e+02 1.50883e-49
5.7312948e+02 1.51389e-49
5.7489235e+02 1.51898e-49
5.7666064e+02 1.52411e-49
5.7843436e+02 1.52928e-49
5.8021354e+02 1.53449e-49
5.8199820e+02 1.53973e-49
5.8378834e+02 1.54502e-49
5.8558399e+02 1.55034e-49
5.8738517e+02 1.5557e-49
5.8919188e+02 1.5611e-49
5.9100415e+02 1.56654e-49
5.9282199e+02 1.57201e-49
5.9464543e+02 1.57753e-49
5.9647448e+02 1.58309e-49
5.9830915e+02 1.58868e-49
6.0014946e+02 1.59432e-49
6.0199543e+02 1.6e-49
6.0384709e+02 1.60571e-49
6.0570443e+02 1.61147e-49
6.0756750e+02 1.61727e-49
6.0943629e+02 1.62311e-49
6.1131083e+02 1.629e-49
6.1319113e+02 1.63492e-49
6.1507722e+02 1.64089e-49
6.1696911e+02 1.6469e-49
6.1886682e+02 1.65295e-49
6.2077037e+02 1.65904e-49
6.2267977e+02 1.66518e-49
6.2459504e+02 1.67136e-49
6.2651621e+02 1.67758e-49
6.2844328e+02 1.68385e-49
6.3037629e+02 1.69016e-49
6.3231523e+02 1.69652e-49
6.3426014e+02 1.70292e-49
6.3621104e+02 1.70937e-49
6.3816793e+02 1.71586e-49
6.4013085e+02 1.72239e-49
6.4209980e+02 1.72898e-49
6.4407481e+02 1.7356e-49
6.4605589e+02 1.74228e-49
6.4804307e+02 1.749e-49
6.5003635e+02 1.75577e-49
6.5203577e+02 1.76258e-49
6.5404134e+02 1.76944e-49
6.5605308e+02 1.77635e-49
6.5807101e+02 1.78331e-49
6.6009514e+02 1.79031e-49
6.6212550e+02 1.79737e-49
6.6416210e+02 1.80447e-49
6.6620497e+02 1.81162e-49
6.6825412e+02 1.81882e-49
6.7030958e+02 1.82607e-49
6.7237136e+02 1.83337e-49
6.7443947e+02 1.84072e-49
6.7651395e+02 1.84812e-49
6.7859481e+02 1.85557e-49
6.8068208e+02 1.86308e-49
6.8277576e+02 1.87063e-49
6.8487588e+02 1.87823e-49
6.8698246e+02 1.88589e-49
6.8909552e+02 1.8936e-49
6.9121508e+02 1.90136e-49
6.9334116e+02 1.90918e-49
6.9547378e+02 1.91704e-49
6.9761296e+02 1.92497e-49
6.9975872e+02 1.93294e-49
7.0191107e+02 1.94097e-49
7.0407005e+02 1.94905e-49
7.0623567e+02 1.95719e-49
7.0840795e+02 1.96539e-49
7.1058691e+02 1.97364e-49
7.1277258e+02 1.98194e-49
7.1496497e+02 1.9903e-49
7.1716410e+02 1.99872e-49
7.1936999e+02 2.00719e-49
7.2158267e+02 2.01572e-49
7.2380216e+02 2.02431e-49
7.2602847e+02 2.03296e-49
7.2826163e+02 2.04166e-49
7.3050166e+02 2.05043e-49
7.3274858e+02 2.05925e-49
7.3500241e+02 2.06813e-49
7.3726317e+02 2.07707e-49
7.3953089e+02 2.08607e-49
7.4180558e+02 2.09513e-49
7.4408727e+02 2.10425e-49
7.4637598e+02 2.11343e-49
7.4867172e+02 2.12268e-49
7.5097453e+02 2.13198e-49
7.5328442e+02 2.14135e-49
7.5560142e+02 2.15078e-49
7.5792554e+02 2.16027e-49
7.6025681e+02 2.16983e-49
7.6259525e+02 2.17944e-49
7.6494089e+02 2.18913e-49
7.6729374e+02 2.19887e-49
7.6965382e+02 2.20869e-49
7.7202117e+02 2.21856e-49
7.7439580e+02 2.22851e-49
7.7677773e+02 2.23852e-49
7.7916699e+02 2.24859e-49
7.8156359e+02 2.25873e-49
7.8396757e+02 2.26894e-49
7.8637895e+02 2.27922e-49
7.8879774e+02 2.28956e-49
7.9122397e+02 2.29998e-49
7.9365766e+02 2.31046e-49
7.9609884e+02 2.32101e-49
7.9854752e+02 2.33163e-49
8.0100374e+02 2.34232e-49
8.0346752e+02 2.35309e-49
8.0593887e+02 2.36392e-49
8.0841782e+02 2.37483e-49
8.1090440e+02 2.38581e-49
8.1339863e+02 2.39686e-49
8.1590052e+02 2.40799e-49
8.1841012e+02 2.4192e-49
8.2092743e+02 2.43049e-49
8.2345249e+02 2.44187e-49
8.2598531e+02 2.45334e-49
8.2852592e+02 2.46493e-49
8.3107435e+02 2.47669e-49
8.3363062e+02 2.48879e-49
8.3619475e+02 2.50203e-49
8.3876676e+02 2.52697e-49
8.4134669e+02 2.58308e-49
8.4393456e+02 2.53885e-49
8.4653038e+02 2.54833e-49
8.4913419e+02 2.5598e-49
8.5174600e+02 2.57174e-49
8.5436585e+02 2.58388e-49
8.5699376e+02 2.59615e-49
8.5962975e+02 2.60852e-49
8.6227385e+02 2.62099e-49
8.6492608e+02 2.63355e-49
8.6758647e+02 2.6462e-49
8.7025504e+02 2.65893e-49
8.7293182e+02 2.67175e-49
8.7561684e+02 2.68465e-49
8.7831011e+02 2.69764e-49
8.8101167e+02 2.71072e-49
8.8372154e+02 2.72387e-49
8.8643974e+02 2.73712e-49
8.8916630e+02 2.75045e-49
8.9190125e+02 2.76387e-49
8.9464461e+02 2.77737e-49
8.9739641e+02 2.79096e-49
9.0015667e+02 2.80464e-49
9.0292543e+02 2.81841e-49
9.0570270e+02 2.83227e-49
9.0848851e+02 2.84621e-49
9.1128289e+02 2.86025e-49
9.1408587e+02 2.87438e-49
9.1689747e+02 2.88859e-49
9.1971771e+02 2.9029e-49
9.2254664e+02 2.91731e-49
9.2538426e+02 2.9318e-49
9.2823061e+02 2.94639e-49
9.3108571e+02 2.96107e-49
9.3394960e+02 2.97585e-49
9.3682230e+02 2.99072e-49
9.3970383e+02 3.00569e-49
9.4259423e+02 3.02075e-49
9.4549351e+02 3.03591e-49
9.4840172e+02 3.05117e-49
9.5131886e+02 3.06653e-49
9.5424499e+02 3.08198e-49
9.5718011e+02 3.09753e-49
9.6012426e+02 3.11319e-49
9.6307746e+02 3.12894e-49
9.6603975e+02 3.14479e-49
9.6901115e+02 3.16075e-49
9.7199169e+02 3.17681e-49
9.7498140e+02 3.19297e-49
9.7798031e+02 3.20923e-49
9.8098844e+02 3.2256e-49
9.8400582e+02 3.24207e-49
9.8703248e+02 3.25865e-49
9.9006845e+02 3.27534e-49
9.9311376e+02 3.29213e-49
9.9616844e+02 3.30903e-49
9.9923251e+02 3.32603e-49
1.0023060e+03 3.34315e-49
1.0053890e+03 3.36037e-49
1.0084814e+03 3.3777e-49
1.0115833e+03 3.39515e-49
1.0146948e+03 3.4127e-49
1.0178159e+03 3.43037e-49
1.0209465e+03 3.44815e-49
1.0240868e+03 3.46604e-49
1.0272368e+03 3.48405e-49
1.0303964e+03 3.50217e-49
1.0335658e+03 3.52041e-49
1.0367449e+03 3.53876e-49
1.0399337e+03 3.55723e-49
1.0431324e+03 3.57582e-49
1.0463410e+03 3.59452e-49
1.0495594e+03 3.61335e-49
1.0527876e+03 3.63229e-49
1.0560259e+03 3.65136e-49
1.0592741e+03 3.67054e-49
1.0625322e+03 3.68985e-49
1.0658004e+03 3.70928e-49
1.0690787e+03 3.72883e-49
1.0723670e+03 3.74851e-49
1.0756655e+03 3.76831e-49
1.0789741e+03 3.78824e-49
1.0822928e+03 3.8083e-49
1.0856218e+03 3.82848e-49
1.0889610e+03 3.84879e-49
1.0923105e+03 3.86922e-49
1.0956703e+03 3.88979e-49
1.0990404e+03 3.91049e-49
1.1024209e+03 3.93132e-49
1.1058118e+03 3.95228e-49
1.1092131e+03 3.97337e-49
1.1126249e+03 3.9946e-49
1.1160472e+03 4.01596e-49
1.1194800e+03 4.03746e-49
1.1229234e+03 4.05909e-49
1.1263773e+03 4.08086e-49
1.1298419e+03 4.10276e-49
1.1333171e+03 4.12481e-49
1.1368030e+03 4.14699e-49
1.1402997e+03 4.16932e-49
1.1438071e+03 4.19178e-49
1.1473253e+03 4.21439e-49
1.1508543e+03 4.23714e-49
1.1543942e+03 4.26003e-49
1.1579449e+03 4.28307e-49
1.1615066e+03 4.30626e-49
1.1650792e+03 4.32959e-49
1.1686628e+03 4.35306e-49
1.1722575e+03 4.37669e-49
1.1758632e+03 4.40046e-49
1.1794800e+03 4.42439e-49
1.1831079e+03 4.44846e-49
1.1867469e+03 4.47269e-49
1.1903972e+03 4.49707e-49
1.1940587e+03 4.5216e-49
1.1977314e+03 4.54629e-49
1.2014155e+03 4.57113e-49
1.2051109e+03 4.59613e-49
1.2088176e+03 4.62129e-49
1.2125358e+03 4.6466e-49
1.2162654e+03 4.67208e-49
1.2200064e+03 4.69771e-49
1.2237590e+03 4.72351e-49
1.2275231e+03 4.74947e-49
1.2312988e+03 4.77559e-49
1.2350861e+03 4.80188e-49
1.2388850e+03 4.82834e-49
1.2426957e+03 4.85497e-49
1.2465180e+03 4.88177e-49
1.2503521e+03 4.90877e-49
1.2541981e+03 4.93604e-49
1.2580558e+03 4.96454e-49
1.2619254e+03 4.99749e-49
1.2658069e+03 5.01857e-49
1.2697003e+03 5.04612e-49
1.2736058e+03 5.07404e-49
1.2775232e+03 5.10218e-49
1.2814527e+03 5.1305e-49
1.2853942e+03 5.15901e-49
1.2893479e+03 5.1877e-49
1.2933138e+03 5.21657e-49
1.2972918e+03 5.24562e-49
1.3012821e+03 5.27486e-49
1.3052847e+03 5.30428e-49
1.3092995e+03 5.33388e-49
1.3133268e+03 5.36367e-49
1.3173664e+03 5.39365e-49
1.3214184e+03 5.42381e-49
1.3254829e+03 5.45417e-49
1.3295599e+03 5.48471e-49
1.3336494e+03 5.51545e-49
1.3377515e+03 5.54638e-49
1.3418663e+03 5.5775e-49
1.3459937e+03 5.60881e-49
1.3501337e+03 5.64033e-49
1.3542866e+03 5.67204e-49
1.3584522e+03 5.70395e-49
1.3626306e+03 5.73606e-49
1.3668218e+03 5.76837e-49
1.3710260e+03 5.80088e-49
1.3752431e+03 5.83359e-49
1.3794731e+03 5.86652e-49
1.3837162e+03 5.89964e-49
1.3879723e+03 5.93298e-49
1.3922415e+03 5.96652e-49
1.3965238e+03 6.00027e-49
1.4008193e+03 6.03423e-49
1.4051281e+03 6.06841e-49
1.4094500e+03 6.1028e-49
1.4137853e+03 6.1374e-49
1.4181339e+03 6.17222e-49
1.4224959e+03 6.20726e-49
1.4268713e+03 6.24252e-49
1.4312601e+03 6.278e-49
1.4356625e+03 6.3137e-49
1.4400784e+03 6.34962e-49
1.4445079e+03 6.38576e-49
1.4489510e+03 6.42214e-49
1.4534077e+03 6.45874e-49
1.4578782e+03 6.49557e-49
1.4623624e+03 6.53262e-49
1.4668604e+03 6.56992e-49
1.4713723e+03 6.60744e-49
1.4758980e+03 6.6452e-49
1.4804377e+03 6.6832e-49
1.4849913e+03 6.72143e-49
1.4895589e+03 6.7599e-49
1.4941406e+03 6.79862e-49
1.4987364e+03 6.83757e-49
1.5033463e+03 6.87677e-49
1.5079703e+03 6.91621e-49
1.5126086e+03 6.9559e-49
1.5172612e+03 6.99583e-49
1.5219281e+03 7.03601e-49
1.5266093e+03 7.07645e-49
1.5313050e+03 7.11714e-49
1.5360150e+03 7.15808e-49
1.5407396e+03 7.19927e-49
1.5454787e+03 7.24073e-49
1.5502324e+03 7.28244e-49
1.5550007e+03 7.32441e-49
1.5597836e+03 7.36668e-49
1.5645813e+03 7.40922e-49
1.5693937e+03 7.45201e-49
1.5742210e+03 7.49508e-49
1.5790630e+03 7.53841e-49
1.5839200e+03 7.58202e-49
1.5887919e+03 7.62589e-49
1.5936788e+03 7.67004e-49
1.5985807e+03 7.71446e-49
1.6034978e+03 7.75916e-49
1.6084299e+03 7.80414e-49
1.6133772e+03 7.8494e-49
1.6183397e+03 7.89494e-49
1.6233175e+03 7.94076e-49
1.6283106e+03 7.98687e-49
1.6333190e+03 8.03326e-49
1.6383429e+03 8.07995e-49
1.6433822e+03 8.12692e-49
1.6484370e+03 8.17419e-49
1.6535074e+03 8.22176e-49
1.6585933e+03 8.26962e-49
1.6636949e+03 8.31778e-49
1.6688122e+03 8.36624e-49
1.6739452e+03 8.41505e-49
1.6790941e+03 8.46508e-49
1.6842587e+03 8.51373e-49
1.6894393e+03 8.56312e-49
1.6946357e+03 8.61307e-49
1.6998482e+03 8.66335e-49
1.7050767e+03 8.71395e-49
1.7103213e+03 8.76487e-49
1.7155820e+03 8.8161e-49
1.7208588e+03 8.86766e-49
1.7261520e+03 8.91953e-49
1.7314614e+03 8.97173e-49
1.7367871e+03 9.02425e-49
1.7421292e+03 9.0771e-49
1.7474877e+03 9.13027e-49
1.7528628e+03 9.18378e-49
1.7582543e+03 9.23762e-49
1.7636625e+03 9.2918e-49
1.7690872e+03 9.34631e-49
1.7745287e+03 9.40116e-49
1.7799869e+03 9.45635e-49
1.7854619e+03 9.51188e-49
1.7909537e+03 9.56776e-49
1.7964624e+03 9.62399e-49
1.8019881e+03 9.68057e-49
1.8075308e+03 9.73749e-49
1.8130905e+03 9.79477e-49
1.8186673e+03 9.85241e-49
1.8242612e+03 9.91041e-49
1.8298724e+03 9.96876e-49
1.8355008e+03 1.00275e-48
1.8411466e+03 1.00866e-48
1.8468097e+03 1.0146e-48
1.8524902e+03 1.02058e-48
1.8581882e+03 1.0266e-48
1.8639037e+03 1.03266e-48
1.8696368e+03 1.03875e-48
1.8753876e+03 1.04488e-48
1.8811560e+03 1.05105e-48
1.8869422e+03 1.05726e-48
1.8927461e+03 1.06351e-48
1.8985679e+03 1.06979e-48
1.9044077e+03 1.07612e-48
1.9102653e+03 1.08248e-48
1.9161411e+03 1.08889e-48
1.9220348e+03 1.09533e-48
1.9279467e+03 1.10181e-48
1.9338768e+03 1.10834e-48
1.9398252e+03 1.1149e-48
1.9457918e+03 1.12152e-48
1.9517768e+03 1.12819e-48
1.9577802e+03 1.1349e-48
1.9638020e+03 1.14165e-48
1.9698424e+03 1.14844e-48
1.9759013e+03 1.15528e-48
1.9819789e+03 1.16216e-48
1.9880752e+03 1.16908e-48
1.9941903e+03 1.17604e-48
2.0003241e+03 1.18305e-48
2.0064768e+03 1.1901e-48
2.0126484e+03 1.19719e-48
2.0188391e+03 1.20433e-48
2.0250487e+03 1.21151e-48
2.0312775e+03 1.21874e-48
2.0375254e+03 1.22601e-48
2.0437926e+03 1.23332e-48
2.0500790e+03 1.24068e-48
2.0563847e+03 1.24809e-48
2.0627099e+03 1.25554e-48
2.0690545e+03 1.26304e-48
2.0754186e+03 1.27059e-48
2.0818023e+03 1.27818e-48
2.0882056e+03 1.28582e-48
2.0946286e+03 1.29351e-48
2.1010714e+03 1.31282e-48
2.1075340e+03 1.30902e-48
2.1140165e+03 1.31685e-48
2.1205189e+03 1.32473e-48
2.1270413e+03 1.33265e-48
2.1335838e+03 1.34063e-48
2.1401464e+03 1.34866e-48
2.1467292e+03 1.35673e-48
2.1533322e+03 1.36486e-48
2.1599556e+03 1.37303e-48
2.1665993e+03 1.38126e-48
2.1732634e+03 1.38954e-48
2.1799481e+03 1.39787e-48
2.1866533e+03 1.40625e-48
2.1933791e+03 1.41468e-48
2.2001256e+03 1.42316e-48
2.2068929e+03 1.4317e-48
2.2136810e+03 1.44029e-48
2.2204900e+03 1.44893e-48
2.2273199e+03 1.45763e-48
2.2341708e+03 1.46638e-48
2.2410428e+03 1.47518e-48
2.2479359e+03 1.48404e-48
2.2548503e+03 1.49295e-48
2.2617859e+03 1.50192e-48
2.2687428e+03 1.51095e-48
2.2757211e+03 1.52003e-48
2.2827209e+03 1.52916e-48
2.2897422e+03 1.53836e-48
2.2967852e+03 1.54761e-48
2.3038497e+03 1.55691e-48
2.3109361e+03 1.56628e-48
2.3180442e+03 1.5757e-48
2.3251741e+03 1.58518e-48
2.3323261e+03 1.59472e-48
2.3395000e+03 1.60432e-48
2.3466959e+03 1.61398e-48
2.3539140e+03 1.6237e-48
2.3611543e+03 1.63347e-48
2.3684169e+03 1.64331e-48
2.3757018e+03 1.65321e-48
2.3830091e+03 1.66317e-48
2.3903389e+03 1.67319e-48
2.3976913e+03 1.68328e-48
2.4050662e+03 1.69343e-48
2.4124639e+03 1.70364e-48
2.4198843e+03 1.71391e-48
2.4273275e+03 1.72424e-48
2.4347936e+03 1.73464e-48
2.4422827e+03 1.74511e-48
2.4497948e+03 1.75564e-48
2.4573300e+03 1.76623e-48
2.4648884e+03 1.77689e-48
2.4724701e+03 1.78762e-48
2.4800750e+03 1.79841e-48
2.4877034e+03 1.80927e-48
2.4953552e+03 1.8202e-48
2.5030306e+03 1.83119e-48
2.5107295e+03 1.84226e-48
2.5184522e+03 1.8534e-48
2.5261986e+03 1.86459e-48
2.5339688e+03 1.87586e-48
2.5417630e+03 1.88719e-48
2.5495811e+03 1.8986e-48
2.5574232e+03 1.91008e-48
2.5652895e+03 1.92163e-48
2.5731799e+03 1.93325e-48
2.5810947e+03 1.94495e-48
2.5890338e+03 1.95671e-48
2.5969973e+03 1.96855e-48
2.6049852e+03 1.98047e-48
2.6129978e+03 1.99245e-48
2.6210350e+03 2.00451e-48
2.6290970e+03 2.01665e-48
2.6371837e+03 2.02886e-48
2.6452953e+03 2.04114e-48
2.6534318e+03 2.05351e-48
2.6615934e+03 2.06594e-48
2.6697801e+03 2.07846e-48
2.6779920e+03 2.09105e-48
2.6862291e+03 2.10372e-48
2.6944915e+03 2.11647e-48
2.7027794e+03 2.1293e-48
2.7110928e+03 2.14221e-48
2.7194317e+03 2.15519e-48
2.7277963e+03 2.16826e-48
2.7361866e+03 2.18141e-48
2.7446027e+03 2.19464e-48
2.7530448e+03 2.20795e-48
2.7615127e+03 2.22134e-48
2.7700067e+03 2.23482e-48
2.7785269e+03 2.24838e-48
2.7870732e+03 2.26203e-48
2.7956459e+03 2.27576e-48
2.8042449e+03 2.28957e-48
2.8128704e+03 2.30347e-48
2.8215223e+03 2.31745e-48
2.8302010e+03 2.33153e-48
2.8389062e+03 2.34568e-48
2.8476383e+03 2.35993e-48
2.8563972e+03 2.37427e-48
2.8651831e+03 2.38869e-48
2.8739960e+03 2.4032e-48
2.8828360e+03 2.41781e-48
2.8917032e+03 2.4325e-48
2.9005977e+03 2.44728e-48
2.9095195e+03 2.46216e-48
2.9184688e+03 2.47713e-48
2.9274456e+03 2.49219e-48
2.9364500e+03 2.50734e-48
2.9454821e+03 2.52259e-48
2.9545420e+03 2.53793e-48
2.9636297e+03 2.55337e-48
2.9727454e+03 2.5689e-48
2.9818892e+03 2.58453e-48
2.9910610e+03 2.60025e-48
3.0002611e+03 2.61607e-48
3.0094895e+03 2.63199e-48
3.0187463e+03 2.64801e-48
3.0280315e+03 2.66413e-48
3.0373453e+03 2.68035e-48
3.0466877e+03 2.69667e-48
3.0560589e+03 2.71309e-48
3.0654589e+03 2.72961e-48
3.0748878e+03 2.74623e-48
3.0843457e+03 2.76296e-48
3.0938327e+03 2.77979e-48
3.1033489e+03 2.79672e-48
3.1128944e+03 2.81376e-48
3.1224692e+03 2.83091e-48
3.1320735e+03 2.84816e-48
3.1417073e+03 2.86551e-48
3.1513708e+03 2.88298e-48
3.1610639e+03 2.90055e-48
3.1707869e+03 2.91824e-48
3.1805398e+03 2.93603e-48
3.1903227e+03 2.95393e-48
3.2001357e+03 2.97194e-48
3.2099788e+03 2.99007e-48
3.2198523e+03 3.0083e-48
3.2297561e+03 3.02665e-48
3.2396903e+03 3.04511e-48
3.2496552e+03 3.06369e-48
3.2596506e+03 3.08238e-48
3.2696769e+03 3.10119e-48
3.2797339e+03 3.12012e-48
3.2898219e+03 3.13916e-48
3.2999410e+03 3.15832e-48
3.3100911e+03 3.1776e-48
3.3202725e+03 3.19699e-48
3.3304852e+03 3.21651e-48
3.3407293e+03 3.23615e-48
3.3510049e+03 3.25591e-48
3.3613121e+03 3.27589e-48
3.3716510e+03 3.2958e-48
3.3820217e+03 3.31593e-48
3.3924243e+03 3.33619e-48
3.4028590e+03 3.35657e-48
3.4133257e+03 3.37707e-48
3.4238246e+03 3.39771e-48
3.4343558e+03 3.41847e-48
3.4449194e+03 3.43936e-48
3.4555154e+03 3.46038e-48
3.4661441e+03 3.48153e-48
3.4768055e+03 3.50281e-48
3.4874996e+03 3.52422e-48
3.4982267e+03 3.54577e-48
3.5089867e+03 3.56745e-48
3.5197799e+03 3.58926e-48
3.5306062e+03 3.61121e-48
3.5414659e+03 3.6333e-48
3.5523589e+03 3.65552e-48
3.5632855e+03 3.67788e-48
3.5742456e+03 3.70038e-48
3.5852395e+03 3.72301e-48
3.5962672e+03 3.74579e-48
3.6073288e+03 3.76871e-48
3.6184244e+03 3.79177e-48
3.6295542e+03 3.81497e-48
3.6407182e+03 3.83832e-48
3.6519165e+03 3.86181e-48
3.6631493e+03 3.88545e-48
3.6744166e+03 3.90924e-48
3.6857186e+03 3.93317e-48
3.6970553e+03 3.95725e-48
3.7084270e+03 3.98148e-48
3.7198336e+03 4.00586e-48
3.7312752e+03 4.03039e-48
3.7427521e+03 4.05508e-48
3.7542643e+03 4.07991e-48
3.7658119e+03 4.1049e-48
3.7773950e+03 4.13005e-48
3.7890137e+03 4.15535e-48
3.8006682e+03 4.18081e-48
3.8123585e+03 4.20643e-48
3.8240848e+03 4.2322e-48
3.8358471e+03 4.25814e-48
3.8476456e+03 4.28423e-48
3.8594804e+03 4.31049e-48
3.8713516e+03 4.33691e-48
3.8832594e+03 4.3635e-48
3.8952037e+03 4.39025e-48
3.9071848e+03 4.41716e-48
3.9192028e+03 4.44425e-48
3.9312577e+03 4.4715e-48
3.9433497e+03 4.49892e-48
3.9554788e+03 4.52651e-48
3.9676453e+03 4.55427e-48
3.9798493e+03 4.5822e-48
3.9920907e+03 4.61031e-48
4.0043698e+03 4.63859e-48
4.0166867e+03 4.66705e-48
4.0290414e+03 4.69568e-48
4.0414342e+03 4.72449e-48
4.0538651e+03 4.75348e-48
4.0663342e+03 4.78265e-48
4.0788417e+03 4.812e-48
4.0913876e+03 4.84154e-48
4.1039721e+03 4.87125e-48
4.1165954e+03 4.90115e-48
4.1292574e+03 4.93124e-48
4.1419584e+03 4.96151e-48
4.1546985e+03 4.99198e-48
4.1674778e+03 5.02263e-48
4.1802963e+03 5.05347e-48
4.1931543e+03 5.0845e-48
4.2060519e+03 5.11573e-48
4.2189891e+03 5.14715e-48
4.2319661e+03 5.17876e-48
4.2449830e+03 5.21057e-48
4.2580400e+03 5.24258e-48
4.2711371e+03 5.27479e-48
4.2842745e+03 5.3072e-48
4.2974524e+03 5.33981e-48
4.3106707e+03 5.37262e-48
4.3239297e+03 5.40563e-48
4.3372295e+03 5.43885e-48
4.3505702e+03 5.47228e-48
4.3639519e+03 5.50591e-48
4.3773748e+03 5.53976e-48
4.3908390e+03 5.57381e-48
4.4043446e+03 5.60808e-48
4.4178918e+03 5.64256e-48
4.4314806e+03 5.67725e-48
4.4451112e+03 5.71216e-48
4.4587837e+03 5.74729e-48
4.4724983e+03 5.78263e-48
4.4862551e+03 5.81819e-48
4.5000541e+03 5.85398e-48
4.5138957e+03 5.88999e-48
4.5277798e+03 5.92622e-48
4.5417066e+03 5.96268e-48
4.5556762e+03 5.99936e-48
4.5696888e+03 6.03627e-48
4.5837446e+03 6.07341e-48
4.5978435e+03 6.11079e-48
4.6119858e+03 6.14839e-48
4.6261716e+03 6.18623e-48
4.6404011e+03 6.2243e-48
4.6546743e+03 6.26262e-48
4.6689914e+03 6.30117e-48
4.6833526e+03 6.33996e-48
4.6977579e+03 6.37899e-48
4.7122075e+03 6.41826e-48
4.7267016e+03 6.45778e-48
4.7412403e+03 6.49754e-48
4.7558236e+03 6.53756e-48
4.7704519e+03 6.57782e-48
4.7851251e+03 6.61833e-48
4.7998435e+03 6.65909e-48
4.8146071e+03 6.70011e-48
4.8294162e+03 6.74138e-48
4.8442708e+03 6.78291e-48
4.8591711e+03 6.8247e-48
4.8741172e+03 6.86675e-48
4.8891093e+03 6.90906e-48
4.9041475e+03 6.95164e-48
4.9192319e+03 6.99448e-48
4.9343628e+03 7.03759e-48
4.9495402e+03 7.08096e-48
4.9647643e+03 7.12461e-48
4.9800352e+03 7.16852e-48
4.9953531e+03 7.21272e-48
5.0107181e+03 7.25718e-48
5.0261303e+03 7.30193e-48
5.0415900e+03 7.34696e-48
5.0570972e+03 7.39225e-48
5.0726521e+03 7.43784e-48
5.0882549e+03 7.48371e-48
5.1039056e+03 7.52987e-48
5.1196045e+03 7.57631e-48
5.1353517e+03 7.62305e-48
5.1511473e+03 7.67007e-48
5.1669915e+03 7.71739e-48
5.1828844e+03 7.76501e-48
5.1988262e+03 7.81292e-48
5.2148171e+03 7.86113e-48
5.2308571e+03 7.90964e-48
5.2469465e+03 7.95845e-48
5.2630854e+03 8.00757e-48
5.2792739e+03 8.057e-48
5.2955122e+03 8.10673e-48
5.3118004e+03 8.15677e-48
5.3281387e+03 8.20713e-48
5.3445273e+03 8.2578e-48
5.3609663e+03 8.30879e-48
5.3774559e+03 8.3601e-48
5.3939962e+03 8.41172e-48
5.4105874e+03 8.46367e-48
5.4272296e+03 8.51595e-48
5.4439230e+03 8.56855e-48
5.4606677e+03 8.62148e-48
5.4774639e+03 8.67473e-48
5.4943118e+03 8.72833e-48
5.5112116e+03 8.78225e-48
5.5281633e+03 8.83652e-48
5.5451671e+03 8.89112e-48
5.5622233e+03 8.94607e-48
5.5793319e+03 9.00136e-48
5.5964931e+03 9.05699e-48
5.6137071e+03 9.11297e-48
5.6309741e+03 9.16931e-48
5.6482942e+03 9.22599e-48
5.6656675e+03 9.28303e-48
5.6830943e+03 9.34043e-48
5.7005747e+03 9.39819e-48
5.7181088e+03 9.4563e-48
5.7356969e+03 9.51479e-48
5.7533391e+03 9.57363e-48
5.7710356e+03 9.63285e-48
5.7887865e+03 9.69244e-48
5.8065919e+03 9.7524e-48
5.8244522e+03 9.81273e-48
5.8423674e+03 9.87345e-48
5.8603377e+03 9.93454e-48
5.8783632e+03 9.99602e-48
5.8964443e+03 1.00579e-47
5.9145809e+03 1.01201e-47
5.9327733e+03 1.01828e-47
5.9510217e+03 1.02458e-47
5.9693262e+03 1.03092e-47
5.9876870e+03 1.03731e-47
6.0061042e+03 1.04373e-47
6.0245781e+03 1.05019e-47
6.0431089e+03 1.0567e-47
6.0616966e+03 1.06324e-47
6.0803416e+03 1.06983e-47
6.0990438e+03 1.07645e-47
6.1178036e+03 1.08312e-47
6.1366211e+03 1.08983e-47
6.1554965e+03 1.09658e-47
6.1744299e+03 1.10338e-47
6.1934216e+03 1.11022e-47
6.2124717e+03 1.1171e-47
6.2315804e+03 1.12402e-47
6.2507478e+03 1.13099e-47
6.2699742e+03 1.138e-47
6.2892598e+03 1.14505e-47
6.3086046e+03 1.15215e-47
6.3280090e+03 1.1593e-47
6.3474731e+03 1.16649e-47
6.3669970e+03 1.17372e-47
6.3865810e+03 1.181e-47
6.4062252e+03 1.18832e-47
6.4259298e+03 1.1957e-47
6.4456951e+03 1.20311e-47
6.4655211e+03 1.21058e-47
6.4854081e+03 1.21809e-47
6.5053563e+03 1.22565e-47
6.5253659e+03 1.23326e-47
6.5454370e+03 1.24091e-47
6.5655698e+03 1.24861e-47
6.5857646e+03 1.25636e-47
6.6060215e+03 1.26417e-47
6.6263406e+03 1.27201e-47
6.6467223e+03 1.27991e-47
6.6671667e+03 1.28786e-47
6.6876740e+03 1.29586e-47
6.7082443e+03 1.30391e-47
6.7288779e+03 1.31201e-47
6.7495750e+03 1.32016e-47
6.7703357e+03 1.32836e-47
6.7911603e+03 1.33662e-47
6.8120489e+03 1.34493e-47
6.8330018e+03 1.35328e-47
6.8540192e+03 1.3617e-47
6.8751012e+03 1.37016e-47
6.8962480e+03 1.37868e-47
6.9174599e+03 1.38725e-47
6.9387370e+03 1.39588e-47
6.9600796e+03 1.40456e-47
6.9814878e+03 1.4133e-47
7.0029619e+03 1.42209e-47
7.0245020e+03 1.43094e-47
7.0461083e+03 1.43984e-47
7.0677812e+03 1.4488e-47
7.0895207e+03 1.45782e-47
7.1113270e+03 1.46689e-47
7.1332004e+03 1.47602e-47
7.1551412e+03 1.48521e-47
7.1771494e+03 1.49446e-47
7.1992252e+03 1.50376e-47
7.2213690e+03 1.51313e-47
7.2435809e+03 1.52255e-47
7.2658612e+03 1.53204e-47
7.2882099e+03 1.54158e-47
7.3106274e+03 1.55119e-47
7.3331139e+03 1.56085e-47
7.3556695e+03 1.57058e-47
7.3782945e+03 1.58037e-47
7.4009891e+03 1.59022e-47
7.4237535e+03 1.60014e-47
7.4465879e+03 1.61012e-47
7.4694925e+03 1.62016e-47
7.4924676e+03 1.63026e-47
7.5155134e+03 1.64043e-47
7.5386300e+03 1.65067e-47
7.5618178e+03 1.66097e-47
7.5850769e+03 1.67133e-47
7.6084075e+03 1.68176e-47
7.6318099e+03 1.69226e-47
7.6552842e+03 1.70283e-47
7.6788308e+03 1.71346e-47
7.7024498e+03 1.72416e-47
7.7261414e+03 1.73493e-47
7.7499060e+03 1.74577e-47
7.7737436e+03 1.75667e-47
7.7976545e+03 1.76765e-47
7.8216390e+03 1.7787e-47
7.8456972e+03 1.78982e-47
7.8698295e+03 1.801e-47
7.8940359e+03 1.81227e-47
7.9183169e+03 1.8236e-47
7.9426725e+03 1.835e-47
7.9671030e+03 1.84648e-47
7.9916087e+03 1.85804e-47
8.0161898e+03 1.86966e-47
8.0408464e+03 1.88137e-47
8.0655789e+03 1.89314e-47
8.0903875e+03 1.90499e-47
8.1152724e+03 1.91692e-47
8.1402338e+03 1.92893e-47
8.1652720e+03 1.94101e-47
8.1903872e+03 1.95317e-47
8.2155797e+03 1.96541e-47
8.2408496e+03 1.97773e-47
8.2661973e+03 1.99013e-47
8.2916230e+03 2.00261e-47
8.3171268e+03 2.01517e-47
8.3427091e+03 2.02781e-47
8.3683701e+03 2.04053e-47
8.3941100e+03 2.05333e-47
8.4199291e+03 2.06622e-47
8.4458276e+03 2.07919e-47
8.4718058e+03 2.09224e-47
8.4978639e+03 2.10538e-47
8.5240021e+03 2.11861e-47
8.5502207e+03 2.13192e-47
8.5765200e+03 2.14531e-47
8.6029001e+03 2.1588e-47
8.6293614e+03 2.17237e-47
8.6559041e+03 2.18603e-47
8.6825285e+03 2.19978e-47
8.7092347e+03 2.21362e-47
8.7360231e+03 2.22755e-47
8.7628938e+03 2.24157e-47
8.7898472e+03 2.25568e-47
8.8168836e+03 2.26989e-47
8.8440030e+03 2.28418e-47
8.8712059e+03 2.29858e-47
8.8984925e+03 2.31306e-47
8.9258630e+03 2.32764e-47
8.9533177e+03 2.34232e-47
8.9808568e+03 2.35709e-47
9.0084807e+03 2.37196e-47
9.0361895e+03 2.38693e-47
9.0639835e+03 2.402e-47
9.0918630e+03 2.41716e-47
9.1198283e+03 2.43243e-47
9.1478796e+03 2.4478e-47
9.1760172e+03 2.46327e-47
9.2042413e+03 2.47884e-47
9.2325522e+03 2.49452e-47
9.2609503e+03 2.5103e-47
9.2894356e+03 2.52618e-47
9.3180086e+03 2.54217e-47
9.3466695e+03 2.55827e-47
9.3754185e+03 2.57447e-47
9.4042560e+03 2.59078e-47
9.4331821e+03 2.60721e-47
9.4621973e+03 2.62374e-47
9.4913016e+03 2.64038e-47
9.5204955e+03 2.65713e-47
9.5497792e+03 2.674e-47
9.5791530e+03 2.69098e-47
9.6086171e+03 2.70808e-47
9.6381718e+03 2.72529e-47
9.6678175e+03 2.74261e-47
9.6975543e+03 2.76006e-47
9.7273826e+03 2.77762e-47
9.7573027e+03 2.7953e-47
9.7873147e+03 2.8131e-47
9.8174191e+03 2.83103e-47
9.8476161e+03 2.84907e-47
9.8779060e+03 2.86724e-47
9.9082890e+03 2.88554e-47
9.9387655e+03 2.90396e-47
9.9693357e+03 2.9225e-47
1.0000000e+04 2.94118e-47
