1.0000000000000000   9.660019254429444e-22
1.1973938470576513   8.132849239595113e-22
1.241063083369469   6.847050762198071e-22
1.267820264438042   5.569654430651637e-22
1.2952241816254864   4.689179781475764e-22
1.3718238271816314   3.9026956805794435e-22
1.4739749034828846   3.1024117939429253e-22
1.6301839472621982   2.5233715541571374e-22
1.7642940005806258   2.0290528749640554e-22
1.9653353020934856   1.612904301618697e-22
2.1269789534794965   1.2821518145098762e-22
2.318759738025437   1.0670668789691764e-22
2.582889538912214   8.289803858181904e-23
2.8981050857180426   6.665563915978988e-23
3.2751107008861013   5.119179927612548e-23
3.727971891351896   3.9315154574165133e-23
4.213083819754787   3.089485101368722e-23
4.659494623939598   2.484199986845138e-23
5.153206316171902   1.997500998437381e-23
5.74062058105558   1.624668878805995e-23
6.258228297396355   1.3521256455333048e-23
6.773559933091704   1.1382940161373069e-23
7.437663375614162   9.36529425298806e-24
8.226040613657169   7.705210323200762e-24
9.363652807028343   5.985844097487319e-24
10.73580328374457   4.65010116287228e-24
12.308143678313925   3.4504374546781045e-24
14.420175807157682   2.6196111299690618e-24
16.412924418250856   1.9216362329205362e-24
19.091365186402424   1.4757713012622477e-24
22.52738257596495   1.0579649320709254e-24
27.359983865285933   7.497674095800485e-25
32.05658522206254   5.891598695456716e-25
38.66033803990286   4.682798286284642e-25
45.29838133832605   3.765084000117596e-25
53.08477600577169   3.3564152213769817e-25
69.81669445954157   2.760864294479864e-25
81.23935230925984   2.6669762509497267e-25
94.5257645212777   2.4891398951562705e-25
111.59042927511855   2.404449090178127e-25
130.8000609267838   2.4597576623411666e-25
157.80766897351234   2.5162480000081814e-25
191.76760559690476   2.544657574422923e-25
238.14977748489213   2.663406620766068e-25
291.5166347742063   2.819906566707598e-25
383.59351029347056   3.198017134009301e-25
472.9883389906835   3.544862282674889e-25
546.5233198319294   3.884827802903807e-25
631.4907038881488   4.25739728507206e-25
719.2098810828943   4.665781450918576e-25
819.1286890500144   5.172326312301856e-25
1032.2629593085726   6.212436433092922e-25
1282.2324933725774   7.547917038987237e-25
1569.9623872726606   9.383453507767366e-25
1964.2667823371662   1.140050167673147e-24
2353.3121285998786   1.3383346161194665e-24
2680.350814795938   1.5180597150474041e-24
3281.6971061911854   1.8444284957550367e-24
3737.8202161466484   2.1162514951223386e-24
4510.821923646856   2.571272194598486e-24
5851.565739212709   3.2705066141335088e-24
7482.289877367906   4.2564980467959365e-24
9776.728011315245   5.476420950810599e-24
