1.0000000e-07 1.00000e+10
9.9999999e-06 1.00000e+10
1.0092621909870484e-05 1.866374109571472e-27
1.0256779307444209e-05 1.6942099337064407e-27
1.0423606739764011e-05 1.5379283229158888e-27
1.05931476351837e-05 1.3960639951322507e-27
1.0765446128423159e-05 1.2672868559852451e-27
1.0940547072057435e-05 1.1503895260156951e-27
1.11184960481927e-05 1.0442760186812512e-27
1.1299339380332217e-05 9.479514629758884e-28
1.148312414543511e-05 8.605127742818898e-28
1.1669898186171475e-05 7.811401859653369e-28
1.1859710123376707e-05 7.090895622987593e-28
1.2052609368708414e-05 6.436854206217844e-28
1.2248646137509308e-05 5.843145973020034e-28
1.2447871461879062e-05 5.304204980960906e-28
1.2650337203959038e-05 4.814978789915052e-28
1.2856096069432964e-05 4.370881085843122e-28
1.3065201621247199e-05 3.9677486756438058e-28
1.3277708293554291e-05 3.601802449784811e-28
1.3493671405883065e-05 3.2696119466290634e-28
1.3713147177539455e-05 2.9680631861475164e-28
1.3936192742241435e-05 2.6943294713722295e-28
1.4162866162991973e-05 2.44584488377379e-28
1.4393226447194064e-05 2.2202802240109303e-28
1.4627333562011299e-05 2.0155211724334699e-28
1.4865248449978572e-05 1.8296484645353783e-28
1.5107033044866556e-05 1.6609198954519124e-28
1.535275028780421e-05 1.5077539847467621e-28
1.5602464143663713e-05 1.3687151483052902e-28
1.5856239617711373e-05 1.242500238283827e-28
1.61141427725302e-05 1.1279263248932993e-28
1.637624074521689e-05 1.0239196054428098e-28
1.664260176485902e-05 9.295053366383995e-29
1.6913295170296505e-05 8.43798695729069e-29
1.7188391428171457e-05 7.659964848024677e-29
1.7467962151272457e-05 6.953696004389248e-29
1.775208011717636e-05 6.312561981107405e-29
1.804081928719381e-05 5.730554872277935e-29
1.8334254825622925e-05 5.202220986450704e-29
1.86324631193156e-05 4.722609718159649e-29
1.8935521797562953e-05 4.2872271364783335e-29
1.924350975230332e-05 3.891993855403043e-29
1.955650715865947e-05 3.533206791015261e-29
1.987459549580986e-05 3.2075044468272206e-29
2.0197857568198782e-05 2.911835401798722e-29
2.052637752709252e-05 2.643429705544074e-29
2.086024089248505e-05 2.3997729125134077e-29
2.1199534575360688e-05 2.1785825116752748e-29
2.1544346900318867e-05 1.9777865306930733e-29
2.189476762856621e-05 1.7955041139781698e-29
2.2250887981283694e-05 1.6300278925105275e-29
2.2612800663372794e-05 1.4798079801215996e-29
2.2980599887588487e-05 1.3434374461835026e-29
2.3354381399064817e-05 1.2196391284940574e-29
2.3734242500238664e-05 1.1072536627141244e-29
2.412028207618007e-05 1.0052286161203258e-29
2.4512600620333398e-05 9.12608623792619e-30
2.491130026067786e-05 8.285264347544993e-30
2.531648478631358e-05 7.521947841168064e-30
2.5728259674479322e-05 6.828990150211653e-30
2.614673211801092e-05 6.199903812091757e-30
2.6572011053245066e-05 5.6287996742624596e-30
2.70042071883777e-05 5.110331706612276e-30
2.744343303228368e-05 4.6396469048217606e-30
2.7889802923804396e-05 4.212339815019271e-30
2.8343433061513092e-05 3.8244112533993455e-30
2.8804441533962977e-05 3.472230833806145e-30
2.927294835042813e-05 3.152502951983113e-30
2.9749075472144436e-05 2.8622359076030902e-30
3.0232946844057763e-05 2.598713874612264e-30
3.072468842709003e-05 2.3594714571247857e-30
3.122442823092858e-05 2.1422705923497446e-30
3.173229634734973e-05 1.9450795840339407e-30
3.224842498408446e-05 1.7660540698806964e-30
3.277294849923382e-05 1.60351974453671e-30
3.3306003436245885e-05 1.4559566761967051e-30
3.384772855945983e-05 1.3219850698184519e-30
3.439826489022921e-05 1.200352343500802e-30
3.4957755743632785e-05 1.0899213968896595e-30
3.552634676578139e-05 9.896599616517882e-31
3.610418597173337e-05 8.98630934199817e-31
3.669142378402494e-05 8.159836000613302e-31
3.72882130718283e-05 7.409456676424988e-31
3.789470919074672e-05 6.728160367250754e-31
3.8511070023255685e-05 6.109582339230494e-31
3.913745601980384e-05 5.547944535770095e-31
3.977403024058037e-05 5.0380014824039705e-31
4.042095839796302e-05 4.574991180628535e-31
4.107840889965651e-05 4.154590530528784e-31
4.174655289253135e-05 3.7728748644699287e-31
4.242556430717777e-05 3.426281212657975e-31
4.311561990318228e-05 3.1115749563572874e-31
4.3816899315141855e-05 2.825819556301243e-31
4.45295850994266e-05 2.566349072658063e-31
4.525386278170167e-05 2.3307432190779736e-31
4.598992090522438e-05 2.1168047170964243e-31
4.673795107992464e-05 1.9225387387307442e-31
4.749814803228495e-05 1.7461342446752744e-31
4.827070965603188e-05 1.585947043266993e-31
4.9055837063650453e-05 1.4404844115198446e-31
4.985373463873894e-05 1.308391134163579e-31
5.0664610089212685e-05 1.1884368299130636e-31
5.148867450137487e-05 1.0795044462547222e-31
5.232614239486667e-05 9.80579814987644e-32
5.3177231778509664e-05 8.90742170696371e-32
5.404216420705915e-05 8.091555433545114e-32
5.492116483887789e-05 7.350609444498892e-32
5.581446249454955e-05 6.677692734557637e-32
5.672228971644549e-05 6.06654878222449e-32
5.764488282925873e-05 5.511497089900741e-32
5.858248200152536e-05 5.007380112842414e-32
5.95353313081437e-05 4.5495150800543385e-32
6.050367879391212e-05 4.1336502560508433e-32
6.148777653810029e-05 3.755925234016657e-32
6.248788072006888e-05 3.4128348886640973e-32
6.350425168595962e-05 3.1011966513598743e-32
6.453715401646702e-05 2.818120801217206e-32
6.558685659571422e-05 2.560983494092327e-32
6.66536326812492e-05 2.3274022770695887e-32
6.773775997517745e-05 2.1152138592959178e-32
6.883952069645496e-05 1.9224539311543216e-32
6.995920165435375e-05 1.7473388429499614e-32
7.109709432312424e-05 1.5882489716920878e-32
7.225349491787222e-05 1.4437136203629258e-32
7.342870447166758e-05 1.3123973084130264e-32
7.462302891391108e-05 1.193087325246637e-32
7.58367791499719e-05 1.0846824302863754e-32
7.707027114212288e-05 9.861825939381872e-33
7.832382599179204e-05 8.966796835222812e-33
7.959777002314978e-05 8.153490070804809e-33
8.089243486805938e-05 7.414416359992317e-33
8.22081575524054e-05 6.742774346773287e-33
8.354528058382854e-05 6.1323873208315176e-33
8.490415204088756e-05 5.577645760533508e-33
8.628512566366887e-05 5.0734551663746045e-33
8.768856094587427e-05 4.615188697424173e-33
8.911482322840202e-05 4.198644168249888e-33
9.056428379445294e-05 3.820005004585865e-33
9.20373199661823e-05 3.475804793043238e-33
9.353431520292377e-05 3.162895093775188e-33
9.505565920101191e-05 2.878416215524754e-33
9.660174799522646e-05 2.6197706801866088e-33
9.817298406188841e-05 2.384599129160996e-33
9.976977642363212e-05 2.1707584466089874e-33
0.00010139254075588153 1.9763018954422577e-33
0.00010304169949505875 1.7994610806950434e-33
0.00010471768194855202 1.6386295720058767e-33
0.00010642092440647246 1.4923480324416496e-33
0.00010815187025522882 1.3592907149726362e-33
0.00010991097009294972 1.2382532006854666e-33
0.00011169868184678226 1.1281412644216005e-33
0.0001135154708920999 1.0279607640598178e-33
0.00011536181017364785 9.368084592221516e-34
0.00011723818032865986 8.538636738616513e-34
0.0001191450698119776 7.783807250700297e-34
0.00012108297502320394 7.096820475964122e-34
0.00012305240043592616 6.471519500622599e-34
0.00012505385872903913 5.902309447532823e-34
0.0001270878709202058 5.384105982212016e-34
0.0001291549665014884 4.912288547874006e-34
0.00013125568357718427 4.482657894517872e-34
0.00013339056900390586 4.09139750714965e-34
0.0001355601785329369 3.735038574578326e-34
0.00013776507695490535 3.4104281732344418e-34
0.00014000583824680976 3.114700370428691e-34
0.0001422830457214352 2.845249978674815e-34
0.00014459729217920195 2.59970871740128e-34
0.00014694918006248172 2.375923560802955e-34
0.00014933932161242518 2.1719370709430514e-34
0.00015176833902834055 1.9859695337009345e-34
0.00015423686462966274 1.8164027319439282e-34
0.0001567455410205595 1.6617652055376045e-34
0.0001592950212572123 1.5207188616435824e-34
0.00016188596901781975 1.392046811313215e-34
0.00016451905877536624 1.2746423197894868e-34
0.000167194975973199 1.1674987682830618e-34
0.0001699144172034626 1.0697005343886964e-34
0.0001726780903884356 9.804147068436262e-35
0.00017548671496481503 8.988835580789912e-35
0.0001783410220710008 8.244177050514469e-35
0.00018124175473742377 7.563898952310913e-35
0.00018418966807997109 6.942293604223245e-35
0.00018718552949655793 6.374166863614555e-35
0.00019023011886689438 5.854791508172538e-35
0.0001933242287555045 5.379864872629307e-35
0.00019646866461804464 4.945470351312129e-35
0.00019966424501097934 4.5480424124424335e-35
0.0002029118018046678 4.1843348026117543e-35
0.00020621218039991424 3.8513916493833147e-35
0.0002095662399480433 3.546521196772879e-35
0.0002129748535745521 3.2672719327051346e-35
0.00021643890860640203 3.011410889643982e-35
0.0002199593068030075 2.7769039196677126e-35
0.00022353696459097942 2.5618977634868745e-35
0.0002271728133026905 2.3647037494540523e-35
0.00023086779941871696 2.1837829736466925e-35
0.00023462288481422623 2.0177328257534342e-35
0.00023843904700937205 1.8652747378911785e-35
0.00024231727942375982 1.7252430447376984e-35
0.00024625859163505465 1.596574853588167e-35
0.0002502640096417919 1.4783008322296645e-35
0.00025433457613046484 1.3695368309599008e-35
0.00025847135074695635 1.2694762627354578e-35
0.00026267541037238356 1.1773831723906622e-35
0.0002669478494034321 1.0925859321855936e-35
0.00027128978003724673 1.0144715066801166e-35
0.0002757023325609583 9.424802351422359e-36
0.00028018665564591953 8.761010844330984e-36
0.00028474391664672446 8.148673296107011e-36
0.000289375301905095 7.583526233998834e-36
0.00029408201705870637 7.061674192241023e-36
0.00029886528735503825 6.579557157169013e-36
0.00030372635797033115 6.133920935585804e-36
0.00030866649433372746 5.721790181428598e-36
0.00031368698245668765 5.340443839941008e-36
0.0003187891292677646 4.987392790504389e-36
0.00032397426295281955 4.660359489220227e-36
0.0003292437333007769 4.357259430449108e-36
0.00033459891205499747 4.076184262970795e-36
0.0003400411932703706 3.8153864113813546e-36
0.00034557199367621393 3.5732650669301485e-36
0.00035119275304507276 3.3483534243437845e-36
0.000356904934567523 3.1393070524004104e-36
0.0003627100252330648 2.94489329621106e-36
0.0003686095362172158 2.7639816184257964e-36
0.0003746050032748993 2.595534794999818e-36
0.0003806979871402284 2.438600888803391e-36
0.0003868900739327976 2.2923059313106054e-36
0.00039318287557057704 2.1558472489202698e-36
0.000399578030189527 2.0284873762037134e-36
0.00040607720257003656 1.909548503593784e-36
0.0004126820845702952 1.7984074117731394e-36
0.0004193943955667186 1.6944908493319565e-36
0.0004262158829015325 1.5972713141855018e-36
0.0004331483223376398 1.506263202805243e-36
0.00044019351852088743 1.4210192945571442e-36
0.0004473533054498463 1.3411275413862783e-36
0.00045462954695323993 1.2662081357647689e-36
0.0004620241371751313 1.1959108322555119e-36
0.0004695390010680058 1.1299125002580972e-36
0.0004771760948938746 1.067914887517167e-36
0.00048493740673352334 1.0096425758046313e-36
0.0004928249570040513 9.54841111852493e-37
0.0005008407989848212 9.032752981280312e-37
0.000508987019351968 8.547276294207218e-37
0.0005172657387216019 8.089968624637414e-37
0.0005256791122018425 7.65896706953082e-37
0.0005342293299538352 7.252546273644948e-37
0.0005429186177618942 6.869107459123486e-37
0.0005517492376129123 6.507168378531733e-37
0.0005607234882852032 6.165354111179565e-37
0.0005698437059469142 5.842388629684468e-37
0.0005791122647641759 5.53708707019686e-37
0.000588531577519145 5.248348645599734e-37
0.0005981040962380938 4.975150146354768e-37
0.0006078323128297229 4.716539978544776e-37
0.0006177187597338495 4.471632693103732e-37
0.00062776601058065 4.239603964266336e-37
0.0006379766808606282 4.0196859789482364e-37
0.000648353428605472 3.811163202116176e-37
0.000658898955079995 3.6133684862539166e-37
0.0006696160054853222 3.4256794958034174e-37
0.0006805073696735206 3.2475154199828955e-37
0.0006915758828738525 3.0783339496789945e-37
0.0007028244264308346 2.9176284961974e-37
0.0007142559285543127 2.764925631553554e-37
0.0007258733650817253 2.6197827317103158e-37
0.000737679760252773 2.481785805735378e-37
0.0007496781874966877 2.3505474952740234e-37
0.0007618717702322992 2.2257052300233843e-37
0.000774263682681127 2.106919526064488e-37
0.0007868571506936851 1.9938724149695877e-37
0.0007996554525892347 1.8862659925627033e-37
0.0008126619200091946 1.7838210770816864e-37
0.0008258799387844263 1.6862759672780118e-37
0.0008393129498166364 1.593385291704092e-37
0.0008529644499741026 1.5049189410858334e-37
0.0008668379930019774 1.420661076266613e-37
0.0008809371904473991 1.3404092047466836e-37
0.0008952657125996391 1.2639733193356761e-37
0.0009098272894455558 1.1911750928928625e-37
0.0009246257116405743 1.1218471235582303e-37
0.000939664831495469 1.0558322252835507e-37
0.0009549485639791966 9.929827588650447e-38
0.0009704808877380307 9.331599990645385e-38
0.000986265846131282 8.762335337914756e-38
0.0010023075482838643 8.220806917107138e-38
0.0010186101701559753 7.705859950463061e-38
0.0010351779556301763 7.216406347745384e-38
0.0010520152176161591 6.751419658438749e-38
0.0010691263391734772 6.309930205269441e-38
0.0010865157746525373 5.891020384995038e-38
0.0011041880508541602 5.493820127504316e-38
0.0011221477682079803 5.117502509490378e-38
0.0011403996019700331 4.761279524215608e-38
0.0011589483034398118 4.4243980140548344e-38
0.001177798701197118 4.106135777418422e-38
0.0011969557023590429 3.805797866138793e-38
0.001216424293857368 3.5227130932477825e-38
0.0012362095437367692 3.256230774063002e-38
0.0012563166024741215 3.005717725437403e-38
0.0012767507043192645 2.770555548716443e-38
0.0012975171686575868 2.5501382212482115e-38
0.0013186214013947485 2.343870019111369e-38
0.0013400688963639508 2.1511637900412067e-38
0.0013618652367560827 1.971439590411125e-38
0.0013840160965731302 1.8041236937120946e-38
0.0014065272421052363 1.648647970507444e-38
0.001429404533431761 1.5044496316430385e-38
0.0014526539259467812 1.370971317945758e-38
0.001476281471909391 1.247661511173629e-38
0.0015002933220192168 1.1339752330259537e-38
0.001524695727017573 1.0293749920053899e-38
0.0015494950393146315 9.333319322216016e-39
0.0015746977146430868 8.453271341376332e-39
0.0016003103137387017 7.648530149917913e-39
0.0016263395040481906 6.914147762721059e-39
0.0016527920614648939 6.245318471583102e-39
0.0016796748720926532 5.6373927614740696e-39
0.001706994934038408 5.0858902791697e-39
0.0017347593592339325 4.586511485550617e-39
0.0017629753752872038 4.13514769244726e-39
0.0017916503273638995 3.7278892596100947e-39
0.0018207916800994624 3.361031803489696e-39
0.0018504070195423021 3.0310803435881414e-39
0.0018805040551285834 2.7347513812328186e-39
0.001911090621689136 2.4689729673470592e-39
0.0019421746814890244 2.2308828684473146e-39
0.0019737643263002553 2.017824982654497e-39
0.002005867779508234 1.8273441895784888e-39
0.002038493398252464 1.6571798397024874e-39
0.002071649675602067 1.505258100997143e-39
0.002105345242766704 1.3696833839298884e-39
0.0021395888713434215 1.248729062029555e-39
0.00217438947560008 1.140827695072591e-39
0.002209756114795903 1.0445609471598735e-39
0.0022456979955397718 9.586493737853586e-40
0.002282224474186896 8.81942231690007e-40
0.0023193450592744274 8.134074439293546e-40
0.002357069413996728 7.521218310748217e-40
0.0023954073587208794 6.972616985571192e-40
0.002434368873543113 6.480938504094033e-40
0.0024739641008868114 6.039670814843383e-40
0.0025142033481427967 5.643041838648512e-40
0.002555097090352507 5.285944888038368e-40
0.0025966559729348722 4.963869531529424e-40
0.0026388908144575132 4.6728378883711795e-40
0.002681812609453013 4.409346254016091e-40
0.0027254325312810277 4.170311888634033e-40
0.0027697619350368907 3.953024748750433e-40
0.002814812360507581 3.7551039037660445e-40
0.002860595535175745 3.574458352897438e-40
0.0029071233772725753 3.409251942171789e-40
0.00295440799888038 3.2578720738251495e-40
0.003002461709085549 3.1189019002225975e-40
0.0030512970171828707 2.9910956998211332e-40
0.00310092663593193 2.873357142475065e-40
0.003151363484866476 2.764720164438334e-40
0.00320262069365765 2.664332188808292e-40
0.003254711605531848 2.571439444086243e-40
0.0033076497807442424 2.485374151342207e-40
0.0033614490001087688 2.4055433686299794e-40
0.003416123268585525 2.3314192993741417e-40
0.0034716868189265592 2.2625308891109866e-40
0.003528154115380883 2.1984565519580903e-40
0.003585539857459817 2.138817884329016e-40
0.0036438589837635483 2.0832742385758973e-40
0.003703126675869923 2.031518043354844e-40
0.003763358362286533 1.9832707705286175e-40
0.0038245697224669993 1.938279460339518e-40
0.0038867766908926675 1.896313727418422e-40
0.003949995461220647 1.8571631799783215e-40
0.004014242490499318 1.8206351933197413e-40
0.004079534503452449 1.7865529866087112e-40
0.004145888496832911 1.7547539588393392e-40
0.004213321743847289 1.7250882460289599e-40
0.004281851798652416 1.6974174670835446e-40
0.004351496500925045 1.6716136304818002e-40
0.004422273980505897 1.6475581780250032e-40
0.004494202662119142 1.6251411454494769e-40
0.004567301270168747 1.6042604227597275e-40
0.004641588833612782 1.5848210997692303e-40
0.004717084690917013 1.5667348845841677e-40
0.004793808495089107 1.5499195846811637e-40
0.004871780218794631 1.5342986418561431e-40
0.004951020159556351 1.5198007136969991e-40
0.005031548945038057 1.5063592953925623e-40
0.0051133875384143206 1.4939123766653008e-40
0.005196557243827658 1.4824021294324447e-40
0.005281079711934331 1.4717746224837962e-40
0.0053669769455404765 1.4619795600348346e-40
0.005454271305329836 1.4529700414890877e-40
0.005542985515684664 1.4447023401392604e-40
0.005633142670601352 1.4371356988656099e-40
0.005724766239702178 1.4302321411636521e-40
0.005817880074344936 1.4239562960609384e-40
0.0059125084138318814 1.4182752356723423e-40
0.0060086758917196805 1.4131583243016627e-40
0.0061064075422320365 1.4085770781298826e-40
0.0062057288067765 1.4045050346418676e-40
0.0063066655405674054 1.4009176310372213e-40
0.006409244019356457 1.397792090950747e-40
0.0065134909462727965 1.3951073188759612e-40
0.006619433458774388 1.3928438017434456e-40
0.006727099135712337 1.3909835171562757e-40
0.0068365160045102385 1.3895098478286268e-40
0.00694771254846024 1.3884075018121356e-40
0.007060717714137766 1.3876624381285484e-40
0.0071755609189369214 1.387261797457338e-40
0.007292272058728313 1.3871938375539723e-40
0.00741088151564157 1.3874478730988397e-40
0.007531420165974375 1.3880142196987541e-40
0.007653919388230156 1.3888841417830697e-40
0.007778411071286483 1.390049804154645e-40
0.00790492762269642 1.3915042269727081e-40
0.008033501977124734 1.3932412439601762e-40
0.008164167604921472 1.395255463642153e-40
0.008296958520834915 1.397542233435727e-40
0.008431909292866252 1.400097606423291e-40
0.008569055051268348 1.402918310653182e-40
0.008708431497690725 1.4060017208220293e-40
0.008850074914473439 1.4093458322030924e-40
0.008994022174092054 1.4129492366942885e-40
0.009140310748756222 1.4168111008681498e-40
0.009288978720164497 1.420931145914212e-40
0.009440064789417604 1.4253096293719003e-40
0.009593608287093146 1.4299473285591612e-40
0.009749649183484097 1.434845525608835e-40
0.009908228099003788 1.440005994031035e-40
0.010069386314760271 1.4454309867258481e-40
0.01023316578330245 1.4511232253761484e-40
0.010399609139541204 1.4570858911557299e-40
0.01056875971184805 1.4633226166928657e-40
0.010740661533334323 1.4698374792341635e-40
0.01091535935331391 1.476634994958034e-40
0.011092898648952227 1.4837201143913012e-40
0.011273325637104871 1.4910982188865428e-40
0.011456687286348726 1.4987751181214882e-40
0.011643031329208756 1.5067570485854966e-40
0.01183240627458378 1.5150506730215558e-40
0.012024861420374122 1.5236630807955467e-40
0.012220446866314887 1.532601789167714e-40
0.012419213527017846 1.5418747454442743e-40
0.012621213145225461 1.5514903299900533e-40
0.012826498305280598 1.5614573600858215e-40
0.01303512244681509 1.5717850946167444e-40
0.013247139878661175 1.5824832395809956e-40
0.013462605792989111 1.5935619544101257e-40
0.013681576279674704 1.605031859095304e-40
0.013904108340900697 1.6169040421159683e-40
0.014130259905995337 1.6291900691698043e-40
0.014360089846512606 1.6419019927053618e-40
0.014593657991557577 1.6550523622608688e-40
0.014831025143361029 1.66865423561513e-40
0.015072253093107555 1.6827211907586344e-40
0.015317404637020799 1.6972673386952152e-40
0.01556654359271062 1.7123073370868468e-40
0.015819734815786014 1.7278564047563394e-40
0.01607704421673822 1.743930337064871e-40
0.016338538778098603 1.7605455221834827e-40
0.016604286571875296 1.7777189582797618e-40
0.016874356777273756 1.7954682716431331e-40
0.01714881969870541 1.8138117357741984e-40
0.017427746784089173 1.8327682914656905e-40
0.017711210643450867 1.8523575679045923e-40
0.017999285067824763 1.872599904826943e-40
0.01829204504846294 1.8935163757587752e-40
0.01858956679635688 1.9151288123784026e-40
0.018891927762076644 1.937459830037015e-40
0.01919920665593283 1.9605328544760815e-40
0.019511483468466165 1.9843721497814648e-40
0.019828839491270712 2.0090028476154317e-40
0.020151357338155585 2.0344509777686292e-40
0.020479120966650832 2.060743500074867e-40
0.02081221569986337 2.087908337731926e-40
0.021150728248687946 2.115974412071524e-40
0.021494746734379806 2.144971678821255e-40
0.021844360711494284 2.1749311659002035e-40
0.022199661191199524 2.205885012788444e-40
0.022560740664968593 2.2378665115083888e-40
0.022927693128656487 2.2709101492528054e-40
0.023300614106969247 2.305051652690565e-40
0.023679600678330786 2.3403280339760967e-40
0.024064751500154215 2.37677763848257e-40
0.02445616683452444 2.4144401942715026e-40
0.024853948574297985 2.453356863302691e-40
0.025258200269627846 2.4935702943782974e-40
0.02566902715491952 2.5351246778027275e-40
0.026086536176225507 2.5780658017262886e-40
0.02651083601908536 2.622441110124623e-40
0.026942037136818822 2.668299762347951e-40
0.027380251779278577 2.7156926941535447e-40
0.02782559402207126 2.7646726801121393e-40
0.02827817979625344 2.815294397253094e-40
0.028738126918510635 2.867614489784833e-40
0.029205555121827452 2.9216916346956957e-40
0.029680586086656024 2.977586608005908e-40
0.03016334347259197 3.03536235140422e-40
0.0306539529505653 3.095084038962236e-40
0.03115254223555485 3.1568191435763558e-40
0.03165924111983521 3.220637502741368e-40
0.03217418150676372 3.286611383211266e-40
0.03269749744511768 3.3548155440528383e-40
0.03322932516398975 3.425327297545599e-40
0.03376980310825088 3.498226567329405e-40
0.03431907197459043 3.5735959431490185e-40
0.03487727474814178 3.6515207314940327e-40
0.035444556739704355 3.7320890013852084e-40
0.036021065623570735 3.815391624514896e-40
0.036606951475968985 3.901522308913171e-40
0.03720236681413066 3.990577625284358e-40
0.03780746663599349 4.0826570251435995e-40
0.03842240846055061 4.17786284988429e-40
0.03904735236885564 4.2763003299269605e-40
0.03968246104569478 4.378077573144266e-40
0.040327899821937054 4.483305541829359e-40
0.040983836717572615 4.5920980175811946e-40
0.04165044248545185 4.7045715536275216e-40
0.04232789065573553 4.820845414298916e-40
0.04301635758106791 4.941041501614195e-40
0.043716022482485024 5.06528426924479e-40
0.044427067496068826 5.193700624500992e-40
0.04514967772036102 5.3264198194350055e-40
0.04588404126454761 5.463573332689822e-40
0.046630349297427265 5.605294744348522e-40
0.047388796097176514 5.751719606760076e-40
0.048159579101923505 5.902985315140533e-40
0.048942898961145315 6.059230982676792e-40
0.04973895958790068 6.220597325892518e-40
0.050547968211912354 6.38722656717197e-40
0.05137013543351339 6.559262362569483e-40
0.052205675278469754 6.736849764348397e-40
0.05305480525369574 6.920135229077102e-40
0.053917746403875054 7.109266683533399e-40
0.05479472336900281 7.3043936621004135e-40
0.05568596444286409 7.50566753073193e-40
0.056591701632462424 7.71324181386655e-40
0.057512170718416133 7.927272641811813e-40
0.05844761131633638 8.147919337015862e-40
0.059398266939203505 8.375345158200532e-40
0.06036438506075864 8.60971822143112e-40
0.06134621717992506 8.851212616714843e-40
0.06234401888627864 9.100009737509848e-40
0.06335804992658255 9.356299838428089e-40
0.06438857427240413 9.620283833261809e-40
0.0654358601888323 9.892175341077138e-40
0.06650018030431118 1.0172202982320618e-39
0.0675818116816111 1.0460612919508449e-39
0.06868103588995307 1.0757671627955093e-39
0.06979813907830652 1.1063668871030192e-39
0.0709334120498799 1.1378920841530997e-39
0.07208715033782136 1.1703773415911899e-39
0.0732596542821523 1.2038605451404392e-39
0.07445122910795143 1.2383832037677033e-39
0.07566218500481048 1.2739907594965264e-39
0.07689283720758305 1.310732869004886e-39
0.07814350607844542 1.3486636420778753e-39
0.0794145171902934 1.3878418199999623e-39
0.08070620141149508 1.428330875187337e-39
0.08201889499202211 1.470199011926268e-39
0.08335293965098187 1.5135190471742014e-39
0.08470868266557402 1.5583681502009127e-39
0.08608647696149245 1.6048274206267294e-39
0.08748668120479915 1.6529812864032612e-39
0.08890965989529168 1.7029167067393553e-39
0.0903557834613892 1.7547221701603628e-39
0.09182542835656282 1.8084864850417605e-39
0.0933189771573324 1.8642973692762895e-39
0.09483681866285927 1.922239857344983e-39
0.09637934799615795 1.9823945569890488e-39
0.09794696670695385 2.044835803801888e-39
0.09954008287621519 2.109629780071078e-39
0.10115911122238297 2.176832683559588e-39
0.10280447320933098 2.246489051808961e-39
0.10447659715608053 2.3186303668421703e-39
0.1061759183482999 2.393274082365573e-39
0.10790287915161836 2.470423228886146e-39
0.10965792912678099 2.550066759400909e-39
0.11144152514667881 2.6321807970211176e-39
0.11325413151528127 2.716730933411908e-39
0.11509622008850312 2.8036757005707152e-39
0.11696827039703847 2.892971295726049e-39
0.11887076977119033 2.984577577974778e-39
0.12080421346773289 3.07846527448787e-39
0.12276910479883604 3.174624233757241e-39
0.12476595526308684 3.2730724452262576e-39
0.1267952846786434 3.373865412770267e-39
0.1288576213185518 3.4771053305978954e-39
0.13095350204826678 3.58294937402946e-39
0.1330834724654076 3.6916162973420305e-39
0.1352480870417874 3.803390442707843e-39
0.13744790926775366 3.918622227157492e-39
0.13968351179887398 4.037724209160731e-39
0.14195547660501015 4.1611619636455315e-39
0.14426439512181588 4.289439232700234e-39
0.1466108684046983 4.42307718227387e-39
0.14899550728528538 4.562588087526577e-39
0.1514189325304352 4.708444382800626e-39
0.15388177500383463 4.8610447211380945e-39
0.15638467583022478 5.0206794467661626e-39
0.15892828656229763 5.187498622688365e-39
0.16151326935030896 5.361486381575309e-39
0.16414029711444664 5.5424457679284665e-39
0.1668100537200059 5.729998285717099e-39
0.16952323415541215 5.923601929581392e-39
0.17228054471313922 6.122590446735779e-39
0.17508270317357233 6.326234877721462e-39
0.17793043899185773 6.533826050470059e-39
0.18082449348779517 6.744773742118524e-39
0.18376562003881725 6.958714885748486e-39
0.18675458427610742 7.175619831475784e-39
0.18979216428390994 7.39588275846488e-39
0.19287915080207776 7.6203804775701e-39
0.19601634743191856 7.850483726203461e-39
0.19920457084538712 8.088007272425476e-39
0.20244465099768016 8.335090195523564e-39
0.20573743134329117 8.594005770467849e-39
0.209083769055575 8.866911159317675e-39
0.21248453524988828 9.1555596968679e-39
0.21594061521035676 9.461011347162339e-39
0.21945290862033115 9.78338762623439e-39
0.22302232979659364 1.0121723166166365e-38
0.22664980792736927 1.0473964246567306e-38
0.23033628731421313 1.0837152602053444e-38
0.23408272761782944 1.1207809372117141e-38
0.23789010410788908 1.1582499917579986e-38
0.24175940791691283 1.1958518783056663e-38
0.245691646298279 1.2334591763019739e-38
0.24968784288843268 1.271145803898504e-38
0.2537490379733572 1.3092180606476604e-38
0.25787628875938035 1.3482048266106148e-38
0.262070669648385 1.3887984608179895e-38
0.26633327251749805 1.4317469303216905e-38
0.27066520700332414 1.477709547502364e-38
0.2750676007908067 1.527101333005792e-38
0.27954159990678595 1.57996132986164e-38
0.2840883690183301 1.6358844458840505e-38
0.28870909173592346 1.6940511405045355e-38
0.2934049709215787 1.7533725124021416e-38
0.29817722900196736 1.8127408595848525e-38
0.3030271082866399 1.8713420826836015e-38
0.3079558712914223 1.9289547718423436e-38
0.312964801067075 1.9861425481628918e-38
0.318055201533292 2.0442522818586643e-38
0.32322839781813806 2.1051681604104554e-38
0.3284857366030047 2.1708386874829314e-38
0.33382858647317576 2.2426772603582392e-38
0.3392583382740992 2.3210119194033432e-38
0.3447764054734464 2.404794186899568e-38
0.3503842245290676 2.4917418907830487e-38
0.35608325526292817 2.578974797123787e-38
0.36187498124112766 2.6640228694475727e-38
0.3677609101601031 2.745898256879914e-38
0.3737425742391064 2.82580324310502e-38
0.37982153061907364 2.9070773547819414e-38
0.3859993617679771 2.994209231674796e-38
0.39227767589277157 3.0911177251131594e-38
0.39865810735804386 3.1993138620064396e-38
0.40514231711146476 3.316795097668068e-38
0.4117319931161679 3.4384082150368155e-38
0.41842885079015846 3.5578763939118336e-38
0.42523463345286777 3.6708583525466014e-38
0.4321511127789762 3.7776549502565727e-38
0.4391800892596086 3.8839677586941323e-38
0.4463233926710397 3.99877316071686e-38
0.4535828825510191 4.129822357501021e-38
0.4609604486828429 4.278888257752065e-38
0.46845801158730455 4.4396653168256294e-38
0.4760775230226368 4.600354746489786e-38
0.4838209664925957 4.750422073850447e-38
0.4916903577628031 4.88798287004927e-38
0.4996877453854879 5.022787613520339e-38
0.5078152112327671 5.171524415388002e-38
0.5160748710385907 5.346983417651328e-38
0.5244688749495119 5.547833011998853e-38
0.5329994080844094 5.757234580005175e-38
0.5416686911033146 5.953658157247735e-38
0.5504789807854967 6.127931128031335e-38
0.5594325706169377 6.293408222209157e-38
0.5685317913873753 6.478518967286489e-38
0.5777790117970507 6.704073220213337e-38
0.587176639073325 6.962822291472998e-38
0.596727119597331 7.221589152953836e-38
0.6064329395408061 7.449464556473153e-38
0.6162966255132942 7.649685058781659e-38
0.6263207452198692 7.862543309887766e-38
0.6365079081295565 8.129036177960837e-38
0.6468607661546321 8.446106360179013e-38
0.6573820143409586 8.762718851710677e-38
0.6680743915695615 9.03136476106302e-38
0.6789406812696113 9.266027486724616e-38
0.6899837121430011 9.535905786602143e-38
0.7012063589007177 9.887440450133103e-38
0.7126115430111746 1.0280190378123614e-37
0.7242022334607315 1.062675695385322e-37
0.7359814475265771 1.0905932403542339e-37
0.7479522515621814 1.1204469847556785e-37
0.7601177617955323 1.1609199954799374e-37
0.77248114514034 1.2077425721872051e-37
0.785045620020451 1.2481755320216247e-37
0.7978144572076629 1.2798358373960272e-37
0.8107909806731678 1.3163392677495078e-37
0.8239785684528511 1.3672466471093835e-37
0.8373806535266489 1.4210860814488991e-37
0.8510007247122247 1.4622406370855823e-37
0.8648423275731727 1.4985930434151876e-37
0.8789090653419963 1.5507254879139946e-37
0.893204599858096 1.6148431098180387e-37
0.9077326525210223 1.6664743369517403e-37
0.9224970052592174 1.7063786411256922e-37
0.9375015015145289 1.7629729607714444e-37
0.9527500472427299 1.836836136495064e-37
0.9682466119303114 1.8953946908228522e-37
0.9839952296278226 1.9401284751002725e-37
1.0 2.0083781469131344e-37
1.000001e+00 1.00000e+10
1.000000e+01 1.00000e+10
1.000000e+02 1.00000e+10
1.000000e+03 1.00000e+10
1.000000e+04 1.00000e+10
