1.0000000e-07 100000000000000000000
1.0000000e-06 100000000000000000000
1.0000000e-05 100000000000000000000
1.0000000e-04 100000000000000000000
1.0000000e-03 100000000000000000000
1.0000000e-02 100000000000000000000
1.0000000e-01 100000000000000000000
1.0000000e+00 100000000000000000000
4.9999999 100000000000000000000
5 2.89714e-40
5.0127 2.74996e-40
5.0254 2.61113e-40
5.0382 2.48062e-40
5.0509 2.35745e-40
5.0638 2.24191e-40
5.0766 2.13306e-40
5.0895 2.03091e-40
5.1024 1.93488e-40
5.1154 1.84498e-40
5.1283 1.76066e-40
5.1414 1.68221e-40
5.1544 1.60884e-40
5.1675 1.54083e-40
5.1806 1.47793e-40
5.1937 1.42015e-40
5.2069 1.3675e-40
5.2201 1.31997e-40
5.2334 1.2778e-40
5.2467 1.241e-40
5.26 1.21e-40
5.2733 1.1857e-40
5.2867 1.16856e-40
5.3001 1.15993e-40
5.3136 1.16144e-40
5.3271 1.17549e-40
5.3406 1.20582e-40
5.3541 1.25821e-40
5.3677 1.34166e-40
5.3813 1.47113e-40
5.395 1.67392e-40
5.4087 2.00081e-40
5.4224 2.56064e-40
5.4362 3.61875e-40
5.45 5.98047e-40
5.4638 1.3182e-39
5.4777 6.16618e-39
5.4916 9.70509e-38
5.5055 2.53331e-39
5.5195 7.37829e-40
5.5335 3.4745e-40
5.5475 2.03833e-40
5.5616 1.35886e-40
5.5757 9.85374e-41
5.5899 7.57805e-41
5.604 6.08431e-41
5.6183 5.04526e-41
5.6325 4.28868e-41
5.6468 3.71661e-41
5.6612 3.27001e-41
5.6755 2.91222e-41
5.6899 2.61909e-41
5.7044 2.37413e-41
5.7188 2.16606e-41
5.7333 1.98693e-41
5.7479 1.83073e-41
5.7625 1.69316e-41
5.7771 1.57085e-41
5.7918 1.46123e-41
5.8065 1.3625e-41
5.8212 1.27285e-41
5.836 1.19115e-41
5.8508 1.11636e-41
5.8656 1.04762e-41
5.8805 9.84202e-42
5.8954 9.25559e-42
5.9104 8.71135e-42
5.9254 8.20651e-42
5.9404 7.73563e-42
5.9555 7.29648e-42
5.9706 6.88643e-42
5.9858 6.5025e-42
6.001 6.14296e-42
6.0162 5.80617e-42
6.0315 5.48965e-42
6.0468 5.19202e-42
6.0621 4.91243e-42
6.0775 4.6492e-42
6.0929 4.40118e-42
6.1084 4.16772e-42
6.1239 3.94737e-42
6.1394 3.73958e-42
6.155 3.54381e-42
6.1706 3.35879e-42
6.1863 3.18373e-42
6.202 3.01856e-42
6.2177 2.86253e-42
6.2335 2.71492e-42
6.2493 2.57538e-42
6.2652 2.44328e-42
6.2811 2.31831e-42
6.297 2.19988e-42
6.313 2.08802e-42
6.329 1.9819e-42
6.3451 1.88156e-42
6.3612 1.7865e-42
6.3773 1.69625e-42
6.3935 1.61087e-42
6.4097 1.52992e-42
6.426 1.45323e-42
6.4423 1.38063e-42
6.4586 1.31171e-42
6.475 1.24613e-42
6.4915 1.18418e-42
6.5079 1.1253e-42
6.5245 1.06957e-42
6.541 1.01667e-42
6.5576 9.66368e-43
6.5743 9.18684e-43
6.5909 8.7344e-43
6.6077 8.30486e-43
6.6244 7.89717e-43
6.6412 7.51013e-43
6.6581 7.14262e-43
6.675 6.79355e-43
6.6919 6.46223e-43
6.7089 6.1475e-43
6.7259 5.84858e-43
6.743 5.56456e-43
6.7601 5.29489e-43
6.7773 5.03873e-43
6.7945 4.79515e-43
6.8117 4.56381e-43
6.829 4.344e-43
6.8463 4.13513e-43
6.8637 3.93656e-43
6.8811 3.74789e-43
6.8986 3.56851e-43
6.9161 3.39796e-43
6.9336 3.2359e-43
6.9512 3.0818e-43
6.9689 2.93526e-43
6.9866 2.79587e-43
7.0043 2.66339e-43
7.0221 2.53734e-43
7.0399 2.41749e-43
7.0578 2.30342e-43
7.0757 2.19502e-43
7.0936 2.09178e-43
7.1116 1.99371e-43
7.1297 1.90026e-43
7.1478 1.81144e-43
7.1659 1.7269e-43
7.1841 1.64641e-43
7.2023 1.56982e-43
7.2206 1.49692e-43
7.2389 1.42756e-43
7.2573 1.36154e-43
7.2757 1.29867e-43
7.2942 1.23883e-43
7.3127 1.18185e-43
7.3312 1.12762e-43
7.3498 1.07597e-43
7.3685 1.02675e-43
7.3872 9.79878e-44
7.4059 9.35259e-44
7.4247 8.92755e-44
7.4436 8.5229e-44
7.4625 8.13733e-44
7.4814 7.7696e-44
7.5004 7.41963e-44
7.5194 7.08624e-44
7.5385 6.76832e-44
7.5576 6.46532e-44
7.5768 6.17622e-44
7.596 5.9015e-44
7.6153 5.6392e-44
7.6346 5.3889e-44
7.654 5.15063e-44
7.6734 4.92307e-44
7.6929 4.70673e-44
7.7124 4.49991e-44
7.732 4.30272e-44
7.7516 4.11481e-44
7.7713 3.93586e-44
7.791 3.76476e-44
7.8108 3.60164e-44
7.8306 3.44585e-44
7.8505 3.29749e-44
7.8704 3.15595e-44
7.8904 3.02064e-44
7.9104 2.8917e-44
7.9305 2.76856e-44
7.9506 2.65104e-44
7.9708 2.5386e-44
7.991 2.43173e-44
8.0113 2.32929e-44
8.0316 2.23174e-44
8.052 2.13832e-44
8.0724 2.04948e-44
8.0929 1.9642e-44
8.1135 1.88293e-44
8.134 1.80553e-44
8.1547 1.73133e-44
8.1754 1.66049e-44
8.1961 1.59264e-44
8.2169 1.52794e-44
8.2378 1.46604e-44
8.2587 1.40707e-44
8.2796 1.35048e-44
8.3006 1.29641e-44
8.3217 1.24479e-44
8.3428 1.1953e-44
8.364 1.14811e-44
8.3852 1.10292e-44
8.4065 1.05966e-44
8.4278 1.01828e-44
8.4492 9.78675e-45
8.4707 9.40803e-45
8.4922 9.04553e-45
8.5137 8.69836e-45
8.5353 8.36621e-45
8.557 8.04824e-45
8.5787 7.74365e-45
8.6005 7.45201e-45
8.6223 7.17273e-45
8.6442 6.90528e-45
8.6661 6.64893e-45
8.6881 6.40336e-45
8.7101 6.16806e-45
8.7323 5.94241e-45
8.7544 5.72625e-45
8.7766 5.519e-45
8.7989 5.32039e-45
8.8212 5.12985e-45
8.8436 4.94715e-45
8.8661 4.77191e-45
8.8886 4.60376e-45
8.9111 4.44236e-45
8.9337 4.28763e-45
8.9564 4.13899e-45
8.9791 3.99639e-45
9.0019 3.85952e-45
9.0248 3.72808e-45
9.0477 3.6018e-45
9.0706 3.48053e-45
9.0936 3.36412e-45
9.1167 3.25219e-45
9.1398 3.14463e-45
9.163 3.04119e-45
9.1863 2.94187e-45
9.2096 2.84633e-45
9.233 2.75447e-45
9.2564 2.66617e-45
9.2799 2.58115e-45
9.3034 2.4994e-45
9.3271 2.42074e-45
9.3507 2.34508e-45
9.3745 2.27214e-45
9.3982 2.20205e-45
9.4221 2.13444e-45
9.446 2.06934e-45
9.47 2.00668e-45
9.494 1.94631e-45
9.5181 1.88816e-45
9.5423 1.8321e-45
9.5665 1.77806e-45
9.5907 1.7259e-45
9.6151 1.67567e-45
9.6395 1.62715e-45
9.6639 1.58038e-45
9.6885 1.53531e-45
9.7131 1.49174e-45
9.7377 1.44971e-45
9.7624 1.40918e-45
9.7872 1.36996e-45
9.812 1.3321e-45
9.8369 1.29557e-45
9.8619 1.26025e-45
9.8869 1.22619e-45
9.912 1.19315e-45
9.9372 1.16131e-45
9.9624 1.13051e-45
9.9877 1.10065e-45
10.013 1.07184e-45
10.038 1.04394e-45
10.064 1.01697e-45
10.089 9.90927e-46
10.115 9.65656e-46
10.141 9.41262e-46
10.166 9.17605e-46
10.192 8.94728e-46
10.218 8.72553e-46
10.244 8.51064e-46
10.27 8.30247e-46
10.296 8.10085e-46
10.322 7.90509e-46
10.348 7.71562e-46
10.375 7.53228e-46
10.401 7.35386e-46
10.427 7.18079e-46
10.454 7.01296e-46
10.48 6.85026e-46
10.507 6.69205e-46
10.534 6.53825e-46
10.56 6.38927e-46
10.587 6.2445e-46
10.614 6.10386e-46
10.641 5.96727e-46
10.668 5.83416e-46
10.695 5.70493e-46
10.722 5.57952e-46
10.749 5.4569e-46
10.777 5.33841e-46
10.804 5.2226e-46
10.831 5.11031e-46
10.859 5.00059e-46
10.886 4.89427e-46
10.914 4.79041e-46
10.942 4.68939e-46
10.97 4.59073e-46
10.997 4.49482e-46
11.025 4.4016e-46
11.053 4.31061e-46
11.081 4.22179e-46
11.109 4.13553e-46
11.138 4.05136e-46
11.166 3.96926e-46
11.194 3.88878e-46
11.223 3.81069e-46
11.251 3.73456e-46
11.28 3.66033e-46
11.308 3.58761e-46
11.337 3.51675e-46
11.366 3.44771e-46
11.395 3.38045e-46
11.424 3.31458e-46
11.453 3.25009e-46
11.482 3.1873e-46
11.511 3.12618e-46
11.54 3.06635e-46
11.569 3.0078e-46
11.599 2.95049e-46
11.628 2.89476e-46
11.658 2.84024e-46
11.687 2.7869e-46
11.717 2.73472e-46
11.747 2.6837e-46
11.776 2.63413e-46
11.806 2.58534e-46
11.836 2.53765e-46
11.866 2.49103e-46
11.896 2.44547e-46
11.927 2.40095e-46
11.957 2.35745e-46
11.987 2.31466e-46
12.018 2.27316e-46
12.048 2.23233e-46
12.079 2.19218e-46
12.109 2.15326e-46
12.14 2.11499e-46
12.171 2.07735e-46
12.202 2.0409e-46
12.233 2.00506e-46
12.264 1.96981e-46
12.295 1.93544e-46
12.326 1.90164e-46
12.357 1.86869e-46
12.389 1.8363e-46
12.42 1.80472e-46
12.452 1.77369e-46
12.483 1.74319e-46
12.515 1.71348e-46
12.547 1.68428e-46
12.578 1.65585e-46
12.61 1.62767e-46
12.642 1.60048e-46
12.674 1.57352e-46
12.707 1.54704e-46
12.739 1.52128e-46
12.771 1.49597e-46
12.804 1.47113e-46
12.836 1.44673e-46
12.869 1.42301e-46
12.901 1.39949e-46
12.934 1.37663e-46
12.967 1.3542e-46
13 1.33218e-46
13.033 1.31057e-46
13.066 1.28913e-46
13.099 1.26833e-46
13.132 1.24814e-46
13.166 1.22811e-46
13.199 1.20846e-46
13.233 1.18919e-46
13.266 1.17029e-46
13.3 1.15176e-46
13.334 1.13337e-46
13.367 1.11556e-46
13.401 1.09809e-46
13.435 1.08098e-46
13.469 1.06399e-46
13.504 1.04735e-46
13.538 1.03124e-46
13.572 1.01526e-46
13.607 9.9956e-47
13.641 9.84183e-47
13.676 9.69102e-47
13.71 9.54275e-47
13.745 9.39736e-47
13.78 9.25444e-47
13.815 9.11414e-47
13.85 8.97643e-47
13.885 8.84108e-47
13.921 8.70844e-47
13.956 8.57791e-47
13.991 8.44984e-47
14.027 8.32401e-47
14.062 8.20039e-47
14.098 8.07895e-47
14.134 7.95967e-47
14.17 7.84252e-47
14.206 7.72746e-47
14.242 7.61448e-47
14.278 7.50337e-47
14.314 7.39411e-47
14.35 7.28684e-47
14.387 7.18155e-47
14.423 7.07803e-47
14.46 6.97626e-47
14.497 6.87622e-47
14.533 6.7779e-47
14.57 6.68126e-47
14.607 6.58646e-47
14.644 6.49314e-47
14.682 6.40128e-47
14.719 6.31119e-47
14.756 6.22253e-47
14.794 6.13543e-47
14.831 6.04973e-47
14.869 5.9654e-47
14.907 5.88258e-47
14.944 5.80126e-47
14.982 5.72111e-47
15.02 5.64241e-47
15.058 5.56501e-47
15.097 5.48888e-47
15.135 5.41402e-47
15.173 5.34025e-47
15.212 5.26786e-47
15.25 5.19668e-47
15.289 5.12656e-47
15.328 5.05763e-47
15.367 4.98987e-47
15.406 4.92313e-47
15.445 4.85753e-47
15.484 4.79293e-47
15.523 4.72945e-47
15.563 4.66694e-47
15.602 4.60539e-47
15.642 4.54492e-47
15.682 4.48538e-47
15.721 4.42677e-47
15.761 4.36908e-47
15.801 4.31242e-47
15.841 4.25652e-47
15.882 4.2015e-47
15.922 4.14749e-47
15.962 4.09421e-47
16.003 4.04178e-47
16.043 3.9902e-47
16.084 3.93945e-47
16.125 3.88939e-47
16.166 3.84016e-47
16.207 3.79173e-47
16.248 3.74397e-47
16.289 3.697e-47
16.331 3.65082e-47
16.372 3.60516e-47
16.414 3.56039e-47
16.455 3.51625e-47
16.497 3.47274e-47
16.539 3.42986e-47
16.581 3.38771e-47
16.623 3.34616e-47
16.665 3.30522e-47
16.707 3.26487e-47
16.75 3.22522e-47
16.792 3.18604e-47
16.835 3.14755e-47
16.878 3.10962e-47
16.92 3.07215e-47
16.963 3.03535e-47
17.006 2.9991e-47
17.05 2.96328e-47
17.093 2.92811e-47
17.136 2.89336e-47
17.18 2.85915e-47
17.223 2.82545e-47
17.267 2.79217e-47
17.311 2.75951e-47
17.355 2.72724e-47
17.399 2.69537e-47
17.443 2.66411e-47
17.487 2.63323e-47
17.532 2.60273e-47
17.576 2.57272e-47
17.621 2.54318e-47
17.665 2.51402e-47
17.71 2.48522e-47
17.755 2.45689e-47
17.8 2.42891e-47
17.845 2.40139e-47
17.891 2.37422e-47
17.936 2.3475e-47
17.982 2.32102e-47
18.027 2.29498e-47
18.073 2.26938e-47
18.119 2.24401e-47
18.165 2.21907e-47
18.211 2.19445e-47
18.257 2.17016e-47
18.303 2.14619e-47
18.35 2.12254e-47
18.396 2.09929e-47
18.443 2.07626e-47
18.49 2.05363e-47
18.537 2.0313e-47
18.584 2.00919e-47
18.631 1.98747e-47
18.678 1.96595e-47
18.726 1.94481e-47
18.773 1.92396e-47
18.821 1.90332e-47
18.869 1.88295e-47
18.917 1.86287e-47
18.965 1.84307e-47
19.013 1.82355e-47
19.061 1.8043e-47
19.109 1.78523e-47
19.158 1.76652e-47
19.206 1.74799e-47
19.255 1.72964e-47
19.304 1.71164e-47
19.353 1.69382e-47
19.402 1.67625e-47
19.451 1.65885e-47
19.501 1.64179e-47
19.55 1.6249e-47
19.6 1.60817e-47
19.65 1.59169e-47
19.699 1.57545e-47
19.749 1.55938e-47
19.8 1.54355e-47
19.85 1.52787e-47
19.9 1.51243e-47
19.951 1.49715e-47
20.001 1.4821e-47
20.052 1.46727e-47
20.103 1.4526e-47
20.154 1.43808e-47
20.205 1.42378e-47
20.256 1.40963e-47
20.308 1.39569e-47
20.359 1.38191e-47
20.411 1.36826e-47
20.463 1.35483e-47
20.515 1.34154e-47
20.567 1.32846e-47
20.619 1.31544e-47
20.671 1.3027e-47
20.724 1.29003e-47
20.776 1.27756e-47
20.829 1.26522e-47
20.882 1.25302e-47
20.935 1.24101e-47
20.988 1.22913e-47
21.041 1.21738e-47
21.095 1.20576e-47
21.148 1.19432e-47
21.202 1.18302e-47
21.256 1.17176e-47
21.31 1.16076e-47
21.364 1.14982e-47
21.418 1.139e-47
21.472 1.12836e-47
21.527 1.11783e-47
21.581 1.10743e-47
21.636 1.09713e-47
21.691 1.08695e-47
21.746 1.07689e-47
21.801 1.067e-47
21.857 1.05716e-47
21.912 1.04743e-47
21.968 1.03787e-47
22.023 1.02842e-47
22.079 1.01901e-47
22.135 1.00978e-47
22.192 1.00065e-47
22.248 9.91557e-48
22.304 9.82634e-48
22.361 9.73814e-48
22.418 9.65096e-48
22.475 9.56417e-48
22.532 9.47901e-48
22.589 9.39484e-48
22.646 9.31104e-48
22.704 9.22884e-48
22.761 9.147e-48
22.819 9.06672e-48
22.877 8.9868e-48
22.935 8.90784e-48
22.993 8.83041e-48
23.051 8.75331e-48
23.11 8.67715e-48
23.169 8.6019e-48
23.227 8.52698e-48
23.286 8.45356e-48
23.345 8.38045e-48
23.405 8.30881e-48
23.464 8.23747e-48
23.524 8.16702e-48
23.583 8.09744e-48
23.643 8.02872e-48
23.703 7.9603e-48
23.763 7.89329e-48
23.824 7.82657e-48
23.884 7.76068e-48
23.945 7.69508e-48
24.005 7.63085e-48
24.066 7.5669e-48
24.127 7.50376e-48
24.189 7.44144e-48
24.25 7.37992e-48
24.312 7.31865e-48
24.373 7.25817e-48
24.435 7.19849e-48
24.497 7.13958e-48
24.559 7.08092e-48
24.622 7.02303e-48
24.684 6.9659e-48
24.747 6.90954e-48
24.81 6.8534e-48
24.873 6.79801e-48
24.936 6.74337e-48
24.999 6.68895e-48
25.062 6.63526e-48
25.126 6.5823e-48
25.19 6.52956e-48
25.254 6.47753e-48
25.318 6.42623e-48
25.382 6.37512e-48
25.446 6.32472e-48
25.511 6.27503e-48
25.576 6.22602e-48
25.641 6.17721e-48
25.706 6.1286e-48
25.771 6.08116e-48
25.836 6.03341e-48
25.902 5.98683e-48
25.968 5.94043e-48
26.033 5.8947e-48
26.1 5.84914e-48
26.166 5.80424e-48
26.232 5.76e-48
26.299 5.71592e-48
26.365 5.67249e-48
26.432 5.62923e-48
26.499 5.5866e-48
26.567 5.54461e-48
26.634 5.50278e-48
26.702 5.46157e-48
26.769 5.42052e-48
26.837 5.38008e-48
26.906 5.3398e-48
26.974 5.30012e-48
27.042 5.2606e-48
27.111 5.22168e-48
27.18 5.18336e-48
27.249 5.14518e-48
27.318 5.1076e-48
27.387 5.07015e-48
27.457 5.03329e-48
27.526 4.99657e-48
27.596 4.95997e-48
27.666 4.9244e-48
27.736 4.88852e-48
27.807 4.85365e-48
27.877 4.81846e-48
27.948 4.78428e-48
28.019 4.75022e-48
28.09 4.71628e-48
28.161 4.6829e-48
28.233 4.64963e-48
28.305 4.61648e-48
28.376 4.58431e-48
28.448 4.55182e-48
28.521 4.5203e-48
28.593 4.48847e-48
28.665 4.45717e-48
28.738 4.4264e-48
28.811 4.39573e-48
28.884 4.36517e-48
28.958 4.33514e-48
29.031 4.30562e-48
29.105 4.2758e-48
29.179 4.2469e-48
29.253 4.21768e-48
29.327 4.18898e-48
29.401 4.16078e-48
29.476 4.13268e-48
29.551 4.10468e-48
29.626 4.07717e-48
29.701 4.05016e-48
29.776 4.02283e-48
29.852 3.996e-48
29.928 3.96966e-48
30.004 3.9434e-48
30.08 3.91723e-48
30.156 3.89155e-48
30.233 3.86594e-48
30.309 3.84082e-48
30.386 3.81577e-48
30.463 3.79081e-48
30.541 3.76632e-48
30.618 3.7419e-48
30.696 3.71757e-48
30.774 3.6937e-48
30.852 3.67029e-48
30.93 3.64657e-48
31.009 3.62331e-48
31.087 3.60051e-48
31.166 3.57739e-48
31.245 3.55511e-48
31.325 3.53252e-48
31.404 3.51038e-48
31.484 3.4883e-48
31.564 3.46667e-48
31.644 3.44511e-48
31.724 3.42361e-48
31.804 3.40255e-48
31.885 3.38155e-48
31.966 3.36062e-48
32.047 3.34012e-48
32.129 3.31968e-48
32.21 3.29931e-48
32.292 3.27936e-48
32.374 3.25947e-48
32.456 3.23964e-48
32.538 3.22023e-48
32.621 3.20088e-48
32.704 3.18159e-48
32.787 3.16271e-48
32.87 3.14388e-48
32.953 3.12512e-48
33.037 3.10676e-48
33.121 3.08845e-48
33.205 3.0702e-48
33.289 3.05236e-48
33.374 3.03456e-48
33.458 3.01682e-48
33.543 2.99948e-48
33.628 2.98184e-48
33.714 2.96494e-48
33.799 2.94775e-48
33.885 2.93094e-48
33.971 2.91419e-48
34.057 2.89748e-48
34.144 2.88117e-48
34.23 2.86456e-48
34.317 2.84867e-48
34.404 2.83249e-48
34.491 2.81669e-48
34.579 2.80094e-48
34.667 2.78523e-48
34.755 2.76989e-48
34.843 2.75427e-48
34.931 2.73936e-48
35.02 2.72415e-48
35.109 2.70932e-48
35.198 2.69452e-48
35.287 2.67977e-48
35.377 2.66506e-48
35.467 2.65071e-48
35.557 2.6364e-48
35.647 2.62213e-48
35.737 2.60822e-48
35.828 2.59435e-48
35.919 2.58052e-48
36.01 2.56672e-48
36.101 2.55296e-48
36.193 2.53956e-48
36.285 2.52619e-48
36.377 2.51286e-48
36.469 2.49988e-48
36.562 2.48693e-48
36.655 2.47401e-48
36.748 2.46113e-48
36.841 2.44829e-48
36.934 2.43578e-48
37.028 2.42331e-48
37.122 2.41088e-48
37.216 2.39878e-48
37.311 2.38641e-48
37.405 2.37437e-48
37.5 2.36237e-48
37.595 2.3504e-48
37.691 2.33876e-48
37.787 2.32715e-48
37.882 2.31557e-48
37.979 2.30402e-48
38.075 2.2925e-48
38.172 2.28131e-48
38.268 2.27014e-48
38.366 2.25901e-48
38.463 2.2479e-48
38.56 2.23712e-48
38.658 2.22606e-48
38.756 2.21533e-48
38.855 2.20493e-48
38.953 2.19425e-48
39.052 2.1836e-48
39.151 2.17327e-48
39.251 2.16296e-48
39.35 2.15268e-48
39.45 2.14271e-48
39.55 2.13248e-48
39.651 2.12256e-48
39.751 2.11266e-48
39.852 2.10279e-48
39.953 2.09294e-48
40.055 2.0834e-48
40.156 2.0736e-48
40.258 2.06411e-48
40.36 2.05464e-48
40.463 2.04547e-48
40.565 2.03604e-48
40.668 2.02692e-48
40.772 2.01754e-48
40.875 2.00846e-48
40.979 1.99968e-48
41.083 1.99064e-48
41.187 1.9819e-48
41.292 1.9729e-48
41.396 1.9642e-48
41.501 1.95552e-48
41.607 1.94686e-48
41.712 1.9385e-48
41.818 1.92988e-48
41.924 1.92155e-48
42.031 1.91324e-48
42.137 1.90495e-48
42.244 1.89668e-48
42.351 1.8887e-48
42.459 1.88046e-48
42.567 1.87252e-48
42.675 1.86459e-48
42.783 1.85668e-48
42.892 1.84878e-48
43 1.84118e-48
43.11 1.83332e-48
43.219 1.82574e-48
43.329 1.81818e-48
43.439 1.81064e-48
43.549 1.80311e-48
43.659 1.7956e-48
43.77 1.78837e-48
43.881 1.78089e-48
43.993 1.77369e-48
44.104 1.76651e-48
44.216 1.75934e-48
44.328 1.75218e-48
44.441 1.74531e-48
44.554 1.73818e-48
44.667 1.73133e-48
44.78 1.72449e-48
44.894 1.71767e-48
45.008 1.71086e-48
45.122 1.70407e-48
45.236 1.69729e-48
45.351 1.69078e-48
45.466 1.68403e-48
45.582 1.67754e-48
45.697 1.67107e-48
45.813 1.66462e-48
45.929 1.65817e-48
46.046 1.652e-48
46.163 1.64558e-48
46.28 1.63942e-48
46.397 1.63303e-48
46.515 1.6269e-48
46.633 1.62078e-48
46.752 1.61468e-48
46.87 1.60858e-48
46.989 1.60276e-48
47.108 1.59668e-48
47.228 1.59088e-48
47.348 1.58483e-48
47.468 1.57904e-48
47.588 1.57327e-48
47.709 1.5675e-48
47.83 1.562e-48
47.952 1.55626e-48
48.073 1.55052e-48
48.195 1.54505e-48
48.318 1.53958e-48
48.44 1.53388e-48
48.563 1.52844e-48
48.686 1.523e-48
48.81 1.51782e-48
48.934 1.51241e-48
49.058 1.507e-48
49.183 1.50185e-48
49.307 1.49646e-48
49.432 1.49133e-48
49.558 1.4862e-48
49.684 1.48109e-48
49.81 1.47598e-48
49.936 1.47088e-48
50.063 1.46579e-48
50.19 1.46096e-48
50.317 1.45588e-48
50.445 1.45106e-48
50.573 1.44601e-48
50.701 1.4412e-48
50.83 1.4364e-48
50.959 1.43161e-48
51.088 1.42683e-48
51.218 1.42229e-48
51.348 1.41753e-48
51.478 1.41277e-48
51.609 1.40826e-48
51.74 1.40351e-48
51.871 1.39902e-48
52.003 1.39452e-48
52.135 1.39004e-48
52.267 1.38556e-48
52.4 1.3811e-48
52.533 1.37663e-48
52.666 1.37218e-48
52.8 1.36796e-48
52.934 1.36352e-48
53.068 1.35932e-48
53.203 1.35513e-48
53.338 1.35071e-48
53.473 1.34653e-48
53.609 1.34235e-48
53.745 1.33819e-48
53.881 1.33403e-48
54.018 1.3301e-48
54.155 1.32595e-48
54.292 1.32181e-48
54.43 1.3179e-48
54.568 1.31377e-48
54.707 1.30988e-48
54.846 1.30599e-48
54.985 1.30211e-48
55.124 1.29823e-48
55.264 1.29436e-48
55.404 1.2905e-48
55.545 1.28664e-48
55.686 1.28278e-48
55.827 1.27893e-48
55.969 1.27532e-48
56.111 1.27148e-48
56.253 1.26788e-48
56.396 1.26428e-48
56.539 1.26046e-48
56.683 1.25687e-48
56.827 1.25328e-48
56.971 1.2497e-48
57.115 1.24613e-48
57.26 1.24256e-48
57.406 1.23921e-48
57.551 1.23565e-48
57.697 1.2321e-48
57.844 1.22877e-48
57.99 1.22523e-48
58.138 1.22191e-48
58.285 1.2186e-48
58.433 1.21507e-48
58.581 1.21176e-48
58.73 1.20846e-48
58.879 1.20516e-48
59.029 1.20187e-48
59.178 1.19859e-48
59.328 1.1953e-48
59.479 1.19225e-48
59.63 1.18897e-48
59.781 1.1857e-48
59.933 1.18266e-48
60.085 1.1794e-48
60.238 1.17636e-48
60.39 1.17332e-48
60.544 1.17007e-48
60.697 1.16705e-48
60.851 1.16403e-48
61.006 1.16101e-48
61.161 1.15799e-48
61.316 1.15498e-48
61.471 1.15197e-48
61.627 1.14918e-48
61.784 1.14618e-48
61.941 1.14319e-48
62.098 1.14041e-48
62.255 1.13742e-48
62.413 1.13465e-48
62.572 1.13167e-48
62.731 1.12891e-48
62.89 1.12615e-48
63.049 1.12339e-48
63.209 1.12063e-48
63.37 1.11767e-48
63.531 1.11492e-48
63.692 1.11239e-48
63.853 1.10965e-48
64.015 1.10691e-48
64.178 1.10418e-48
64.341 1.10145e-48
64.504 1.09893e-48
64.668 1.09621e-48
64.832 1.0937e-48
64.996 1.09098e-48
65.161 1.08847e-48
65.327 1.08576e-48
65.492 1.08326e-48
65.659 1.08077e-48
65.825 1.07827e-48
65.992 1.07578e-48
66.16 1.0733e-48
66.328 1.0706e-48
66.496 1.06833e-48
66.665 1.06585e-48
66.834 1.06337e-48
67.003 1.0609e-48
67.174 1.05843e-48
67.344 1.05617e-48
67.515 1.0537e-48
67.686 1.05124e-48
67.858 1.04899e-48
68.03 1.04653e-48
68.203 1.04428e-48
68.376 1.04203e-48
68.549 1.03958e-48
68.723 1.03734e-48
68.898 1.0351e-48
69.073 1.03287e-48
69.248 1.03063e-48
69.424 1.0284e-48
69.6 1.02617e-48
69.776 1.02394e-48
69.953 1.02172e-48
70.131 1.01949e-48
70.309 1.01727e-48
70.487 1.01506e-48
70.666 1.01304e-48
70.846 1.01083e-48
71.025 1.00882e-48
71.206 1.00661e-48
71.386 1.0044e-48
71.567 1.0024e-48
71.749 1.0004e-48
71.931 9.98241e-49
72.114 9.96184e-49
72.297 9.94149e-49
72.48 9.92096e-49
72.664 9.90085e-49
72.849 9.88076e-49
73.033 9.86069e-49
73.219 9.84064e-49
73.405 9.82101e-49
73.591 9.8012e-49
73.778 9.78161e-49
73.965 9.76223e-49
74.152 9.74287e-49
74.341 9.72354e-49
74.529 9.70442e-49
74.718 9.68532e-49
74.908 9.66643e-49
75.098 9.64756e-49
75.289 9.62871e-49
75.48 9.61008e-49
75.671 9.59166e-49
75.863 9.57325e-49
76.056 9.55487e-49
76.249 9.53669e-49
76.442 9.51854e-49
76.636 9.5004e-49
76.831 9.48247e-49
77.026 9.46476e-49
77.221 9.44706e-49
77.417 9.42938e-49
77.614 9.41172e-49
77.811 9.39426e-49
78.008 9.37702e-49
78.206 9.35979e-49
78.405 9.34258e-49
78.604 9.32557e-49
78.803 9.30858e-49
79.003 9.29161e-49
79.203 9.27485e-49
79.404 9.2581e-49
79.606 9.24155e-49
79.808 9.22503e-49
80.011 9.20851e-49
80.214 9.19221e-49
80.417 9.17592e-49
80.621 9.15964e-49
80.826 9.14357e-49
81.031 9.1277e-49
81.237 9.11166e-49
81.443 9.09582e-49
81.649 9.08018e-49
81.857 9.06456e-49
82.064 9.04896e-49
82.273 9.03336e-49
82.481 9.01797e-49
82.691 9.00278e-49
82.9 8.98742e-49
83.111 8.97226e-49
83.322 8.9573e-49
83.533 8.94216e-49
83.745 8.92723e-49
83.958 8.91249e-49
84.171 8.89777e-49
84.384 8.88306e-49
84.598 8.86837e-49
84.813 8.85387e-49
85.028 8.83938e-49
85.244 8.8251e-49
85.461 8.81083e-49
85.677 8.79656e-49
85.895 8.7825e-49
86.113 8.76826e-49
86.331 8.75441e-49
86.55 8.74038e-49
86.77 8.72655e-49
86.99 8.71292e-49
87.211 8.69911e-49
87.432 8.68549e-49
87.654 8.67189e-49
87.877 8.65849e-49
88.1 8.64509e-49
88.323 8.63171e-49
88.547 8.61852e-49
88.772 8.60535e-49
88.997 8.59218e-49
89.223 8.57921e-49
89.45 8.56624e-49
89.677 8.55329e-49
89.904 8.54053e-49
90.132 8.5276e-49
90.361 8.51504e-49
90.59 8.50232e-49
90.82 8.48978e-49
91.051 8.47725e-49
91.282 8.46492e-49
91.513 8.45241e-49
91.746 8.44028e-49
91.978 8.42797e-49
92.212 8.41586e-49
92.446 8.40376e-49
92.68 8.39166e-49
92.916 8.37975e-49
93.151 8.36786e-49
93.388 8.35597e-49
93.625 8.34427e-49
93.862 8.3324e-49
94.101 8.32091e-49
94.339 8.30923e-49
94.579 8.29775e-49
94.819 8.28628e-49
95.059 8.27481e-49
95.301 8.26354e-49
95.543 8.25227e-49
95.785 8.24101e-49
96.028 8.22994e-49
96.272 8.21887e-49
96.516 8.20782e-49
96.761 8.19677e-49
97.007 8.18591e-49
97.253 8.17505e-49
97.5 8.16439e-49
97.747 8.15355e-49
97.995 8.1429e-49
98.244 8.13225e-49
98.493 8.12179e-49
98.743 8.11134e-49
98.993 8.1009e-49
99.245 8.09046e-49
99.497 8.08021e-49
99.749 8.06997e-49
100 8.05973e-49
100.26 8.0495e-49
100.51 8.03945e-49
100.77 8.02941e-49
101.02 8.01938e-49
101.28 8.00953e-49
101.53 7.99969e-49
101.79 7.98986e-49
102.05 7.98003e-49
102.31 7.97038e-49
102.57 7.96074e-49
102.83 7.95111e-49
103.09 7.94166e-49
103.35 7.93222e-49
103.61 7.92278e-49
103.88 7.91335e-49
104.14 7.9041e-49
104.41 7.89486e-49
104.67 7.88562e-49
104.94 7.87656e-49
105.2 7.86734e-49
105.47 7.85829e-49
105.74 7.84943e-49
106 7.84039e-49
106.27 7.83154e-49
106.54 7.82269e-49
106.81 7.81385e-49
107.09 7.80519e-49
107.36 7.79654e-49
107.63 7.78789e-49
107.9 7.77924e-49
108.18 7.77078e-49
108.45 7.76231e-49
108.73 7.75386e-49
109 7.74558e-49
109.28 7.73714e-49
109.56 7.72887e-49
109.83 7.72079e-49
110.11 7.71253e-49
110.39 7.70445e-49
110.67 7.69638e-49
110.95 7.68831e-49
111.23 7.68042e-49
111.52 7.67253e-49
111.8 7.66465e-49
112.08 7.65678e-49
112.37 7.64908e-49
112.65 7.64138e-49
112.94 7.63369e-49
113.23 7.626e-49
113.51 7.6185e-49
113.8 7.61099e-49
114.09 7.60349e-49
114.38 7.59599e-49
114.67 7.58867e-49
114.96 7.58136e-49
115.25 7.57405e-49
115.54 7.56691e-49
115.84 7.55961e-49
116.13 7.55248e-49
116.43 7.54553e-49
116.72 7.53841e-49
117.02 7.53146e-49
117.32 7.52452e-49
117.61 7.51758e-49
117.91 7.51082e-49
118.21 7.50389e-49
118.51 7.49714e-49
118.81 7.49056e-49
119.11 7.48381e-49
119.42 7.47723e-49
119.72 7.47066e-49
120.02 7.4641e-49
120.33 7.4577e-49
120.63 7.45114e-49
120.94 7.44476e-49
121.24 7.43855e-49
121.55 7.43216e-49
121.86 7.42596e-49
122.17 7.41976e-49
122.48 7.41355e-49
122.79 7.40753e-49
123.1 7.40151e-49
123.42 7.39548e-49
123.73 7.38947e-49
124.04 7.38362e-49
124.36 7.37761e-49
124.67 7.37177e-49
124.99 7.3661e-49
125.31 7.36027e-49
125.62 7.35461e-49
125.94 7.34895e-49
126.26 7.34346e-49
126.58 7.33781e-49
126.9 7.33233e-49
127.23 7.32685e-49
127.55 7.32137e-49
127.87 7.31607e-49
128.2 7.31076e-49
128.52 7.30546e-49
128.85 7.30016e-49
129.18 7.29504e-49
129.5 7.28974e-49
129.83 7.28462e-49
130.16 7.27967e-49
130.49 7.27455e-49
130.82 7.26961e-49
131.16 7.26466e-49
131.49 7.25989e-49
131.82 7.25495e-49
132.16 7.25018e-49
132.49 7.24541e-49
132.83 7.24065e-49
133.16 7.23605e-49
133.5 7.23146e-49
133.84 7.22687e-49
134.18 7.22228e-49
134.52 7.21786e-49
134.86 7.21344e-49
135.21 7.20903e-49
135.55 7.20461e-49
135.89 7.20037e-49
136.24 7.19613e-49
136.58 7.19189e-49
136.93 7.18765e-49
137.28 7.18358e-49
137.63 7.17951e-49
137.97 7.17545e-49
138.32 7.17138e-49
138.68 7.16748e-49
139.03 7.16359e-49
139.38 7.1597e-49
139.73 7.15581e-49
140.09 7.15208e-49
140.44 7.14836e-49
140.8 7.14464e-49
141.16 7.14093e-49
141.52 7.13738e-49
141.88 7.13383e-49
142.24 7.13028e-49
142.6 7.12674e-49
142.96 7.12336e-49
143.32 7.11998e-49
143.68 7.11661e-49
144.05 7.1134e-49
144.42 7.11003e-49
144.78 7.10683e-49
145.15 7.10362e-49
145.52 7.10059e-49
145.89 7.09756e-49
146.26 7.09452e-49
146.63 7.09149e-49
147 7.08846e-49
147.37 7.0856e-49
147.75 7.08274e-49
148.12 7.08004e-49
148.5 7.07718e-49
148.87 7.07449e-49
149.25 7.0718e-49
149.63 7.06911e-49
150.01 7.06659e-49
150.39 7.06407e-49
150.77 7.06155e-49
151.16 7.05902e-49
151.54 7.05667e-49
151.92 7.05432e-49
152.31 7.05197e-49
152.7 7.04962e-49
153.08 7.04743e-49
153.47 7.04525e-49
153.86 7.04307e-49
154.25 7.04106e-49
154.64 7.03904e-49
155.04 7.03703e-49
155.43 7.03502e-49
155.82 7.033e-49
156.22 7.03116e-49
156.62 7.02931e-49
157.01 7.02764e-49
157.41 7.02579e-49
157.81 7.02412e-49
158.21 7.02244e-49
158.61 7.02093e-49
159.02 7.01926e-49
159.42 7.01775e-49
159.82 7.01641e-49
160.23 7.0149e-49
160.64 7.01356e-49
161.04 7.01222e-49
161.45 7.01088e-49
161.86 7.00971e-49
162.27 7.00854e-49
162.68 7.00736e-49
163.1 7.00619e-49
163.51 7.00519e-49
163.93 7.00418e-49
164.34 7.00318e-49
164.76 7.00234e-49
165.18 7.00134e-49
165.6 7.00067e-49
166.02 6.99983e-49
166.44 6.999e-49
166.86 6.99833e-49
167.28 6.99782e-49
167.71 6.99716e-49
168.13 6.99665e-49
168.56 6.99615e-49
168.99 6.99565e-49
169.42 6.99532e-49
169.85 6.99498e-49
170.28 6.99465e-49
170.71 6.99431e-49
171.14 6.99414e-49
171.58 6.99398e-49
172.01 6.99381e-49
172.45 6.99381e-49
172.89 6.99381e-49
173.33 6.99381e-49
173.77 6.99381e-49
174.21 6.99398e-49
174.65 6.99414e-49
175.09 6.99431e-49
175.54 6.99465e-49
175.98 6.99498e-49
176.43 6.99532e-49
176.88 6.99565e-49
177.33 6.99615e-49
177.78 6.99665e-49
178.23 6.99716e-49
178.68 6.99782e-49
179.13 6.99849e-49
179.59 6.99916e-49
180.04 6.99983e-49
180.5 7.00067e-49
180.96 7.00151e-49
181.42 7.00251e-49
181.88 7.00335e-49
182.34 7.00435e-49
182.8 7.00552e-49
183.26 7.00653e-49
183.73 7.0077e-49
184.2 7.00887e-49
184.66 7.01021e-49
185.13 7.01155e-49
185.6 7.01289e-49
186.07 7.01423e-49
186.55 7.01574e-49
187.02 7.01725e-49
187.49 7.01875e-49
187.97 7.02043e-49
188.45 7.0221e-49
188.92 7.02378e-49
189.4 7.02546e-49
189.88 7.0273e-49
190.37 7.02915e-49
190.85 7.03116e-49
191.33 7.03317e-49
191.82 7.03518e-49
192.31 7.0372e-49
192.79 7.03938e-49
193.28 7.04156e-49
193.77 7.04374e-49
194.27 7.04609e-49
194.76 7.04844e-49
195.25 7.05079e-49
195.75 7.05331e-49
196.24 7.05583e-49
196.74 7.05835e-49
197.24 7.06104e-49
197.74 7.06356e-49
198.24 7.06642e-49
198.75 7.06911e-49
199.25 7.07197e-49
199.76 7.07483e-49
200.26 7.07786e-49
200.77 7.08089e-49
201.28 7.08392e-49
201.79 7.08695e-49
202.31 7.09015e-49
202.82 7.09335e-49
203.33 7.09671e-49
203.85 7.09992e-49
204.37 7.10346e-49
204.89 7.10683e-49
205.41 7.11037e-49
205.93 7.11391e-49
206.45 7.11745e-49
206.97 7.12117e-49
207.5 7.12488e-49
208.02 7.12876e-49
208.55 7.13265e-49
209.08 7.13653e-49
209.61 7.14042e-49
210.14 7.14448e-49
210.68 7.14853e-49
211.21 7.15276e-49
211.75 7.15682e-49
212.29 7.16122e-49
212.82 7.16545e-49
213.36 7.16986e-49
213.91 7.17426e-49
214.45 7.17883e-49
214.99 7.18341e-49
215.54 7.18799e-49
216.09 7.19274e-49
216.63 7.19749e-49
217.18 7.20224e-49
217.73 7.20716e-49
218.29 7.21209e-49
218.84 7.21701e-49
219.4 7.22211e-49
219.95 7.22721e-49
220.51 7.23231e-49
221.07 7.23759e-49
221.63 7.24286e-49
222.19 7.24831e-49
222.76 7.25359e-49
223.32 7.25921e-49
223.89 7.26466e-49
224.46 7.27029e-49
225.03 7.27609e-49
225.6 7.28172e-49
226.17 7.28752e-49
226.75 7.2935e-49
227.32 7.29931e-49
227.9 7.30546e-49
228.48 7.31145e-49
229.06 7.3176e-49
229.64 7.32377e-49
230.22 7.3301e-49
230.8 7.33644e-49
231.39 7.34278e-49
231.98 7.34929e-49
232.57 7.35581e-49
233.16 7.3625e-49
233.75 7.36902e-49
234.34 7.37589e-49
234.94 7.38259e-49
235.53 7.38947e-49
236.13 7.39652e-49
236.73 7.4034e-49
237.33 7.41063e-49
237.93 7.41769e-49
238.54 7.42492e-49
239.14 7.43216e-49
239.75 7.43958e-49
240.36 7.447e-49
240.97 7.4546e-49
241.58 7.46202e-49
242.19 7.4698e-49
242.81 7.47741e-49
243.42 7.48519e-49
244.04 7.49315e-49
244.66 7.50112e-49
245.28 7.50909e-49
245.9 7.51724e-49
246.53 7.52539e-49
247.15 7.53355e-49
247.78 7.54188e-49
248.41 7.55022e-49
249.04 7.55874e-49
249.67 7.56726e-49
250.3 7.57579e-49
250.94 7.58449e-49
251.58 7.59321e-49
252.21 7.6021e-49
252.85 7.61099e-49
253.5 7.61989e-49
254.14 7.62897e-49
254.78 7.63806e-49
255.43 7.64733e-49
256.08 7.6566e-49
256.73 7.66605e-49
257.38 7.67551e-49
258.03 7.68498e-49
258.69 7.69462e-49
259.34 7.70428e-49
260 7.71411e-49
260.66 7.72395e-49
261.32 7.7338e-49
261.99 7.74382e-49
262.65 7.75386e-49
263.32 7.76408e-49
263.99 7.7743e-49
264.66 7.78471e-49
265.33 7.79512e-49
266 7.80555e-49
266.68 7.81615e-49
267.35 7.82676e-49
268.03 7.83756e-49
268.71 7.84837e-49
269.39 7.85935e-49
270.08 7.87035e-49
270.76 7.88136e-49
271.45 7.89255e-49
272.14 7.90392e-49
272.83 7.91513e-49
273.52 7.9267e-49
274.22 7.9381e-49
274.91 7.94968e-49
275.61 7.96146e-49
276.31 7.97324e-49
277.01 7.98503e-49
277.71 7.99701e-49
278.42 8.00918e-49
279.12 8.02117e-49
279.83 8.03354e-49
280.54 8.04573e-49
281.25 8.05829e-49
281.97 8.07069e-49
282.68 8.08327e-49
283.4 8.09604e-49
284.12 8.10882e-49
284.84 8.12161e-49
285.56 8.1346e-49
286.29 8.14759e-49
287.02 8.16077e-49
287.74 8.17415e-49
288.47 8.18735e-49
289.21 8.20093e-49
289.94 8.21434e-49
290.68 8.22794e-49
291.41 8.24173e-49
292.15 8.25554e-49
292.89 8.26954e-49
293.64 8.28355e-49
294.38 8.29757e-49
295.13 8.31179e-49
295.88 8.3262e-49
296.63 8.34062e-49
297.38 8.35506e-49
298.14 8.36969e-49
298.89 8.38433e-49
299.65 8.39917e-49
300.41 8.41421e-49
301.17 8.42908e-49
301.94 8.44432e-49
302.71 8.45958e-49
303.47 8.47486e-49
304.24 8.49033e-49
305.02 8.50582e-49
305.79 8.52151e-49
306.57 8.53721e-49
307.34 8.55311e-49
308.12 8.56902e-49
308.91 8.58513e-49
309.69 8.60126e-49
310.48 8.61759e-49
311.26 8.63394e-49
312.05 8.65049e-49
312.84 8.66705e-49
313.64 8.68382e-49
314.43 8.7006e-49
315.23 8.71758e-49
316.03 8.73458e-49
316.83 8.75179e-49
317.64 8.76901e-49
318.44 8.78644e-49
319.25 8.80388e-49
320.06 8.82153e-49
320.88 8.8392e-49
321.69 8.85707e-49
322.51 8.87496e-49
323.32 8.89306e-49
324.14 8.91136e-49
324.97 8.92968e-49
325.79 8.94802e-49
326.62 8.96657e-49
327.45 8.98533e-49
328.28 9.00411e-49
329.11 9.02291e-49
329.95 9.04192e-49
330.78 9.06114e-49
331.62 9.08037e-49
332.47 9.09982e-49
333.31 9.1193e-49
334.15 9.13898e-49
335 9.15868e-49
335.85 9.1786e-49
336.71 9.19854e-49
337.56 9.21869e-49
338.42 9.23886e-49
339.27 9.25925e-49
340.14 9.27985e-49
341 9.30048e-49
341.86 9.32113e-49
342.73 9.34219e-49
343.6 9.36308e-49
344.47 9.38418e-49
345.35 9.40551e-49
346.22 9.42705e-49
347.1 9.44842e-49
347.98 9.47021e-49
348.87 9.49202e-49
349.75 9.51405e-49
350.64 9.53611e-49
351.53 9.55819e-49
352.42 9.58069e-49
353.32 9.60302e-49
354.21 9.62577e-49
355.11 9.64854e-49
356.01 9.67135e-49
356.92 9.69437e-49
357.82 9.71762e-49
358.73 9.7409e-49
359.64 9.7644e-49
360.55 9.78794e-49
361.47 9.81169e-49
362.39 9.83568e-49
363.3 9.8597e-49
364.23 9.88374e-49
365.15 9.90821e-49
366.08 9.93251e-49
367.01 9.95725e-49
367.94 9.98201e-49
368.87 1.0006e-48
369.81 1.0032e-48
370.75 1.00581e-48
371.69 1.00822e-48
372.63 1.01083e-48
373.58 1.01344e-48
374.52 1.01586e-48
375.47 1.01848e-48
376.43 1.02111e-48
377.38 1.02374e-48
378.34 1.02637e-48
379.3 1.02901e-48
380.26 1.03185e-48
381.23 1.03449e-48
382.2 1.03714e-48
383.17 1.03979e-48
384.14 1.04265e-48
385.11 1.0453e-48
386.09 1.04817e-48
387.07 1.05083e-48
388.05 1.0537e-48
389.04 1.05658e-48
390.02 1.05925e-48
391.01 1.06214e-48
392.01 1.06502e-48
393 1.06792e-48
394 1.07081e-48
395 1.07371e-48
396 1.07661e-48
397 1.07973e-48
398.01 1.08264e-48
399.02 1.08556e-48
400.04 1.08868e-48
401.05 1.09161e-48
402.07 1.09474e-48
403.09 1.09768e-48
404.11 1.10082e-48
405.14 1.10397e-48
406.16 1.10691e-48
407.2 1.11007e-48
408.23 1.11324e-48
409.26 1.1164e-48
410.3 1.11958e-48
411.34 1.12275e-48
412.39 1.12593e-48
413.43 1.12933e-48
414.48 1.13252e-48
415.54 1.13572e-48
416.59 1.13913e-48
417.65 1.14233e-48
418.71 1.14576e-48
419.77 1.14897e-48
420.84 1.1524e-48
421.9 1.15584e-48
422.97 1.15907e-48
424.05 1.16252e-48
425.12 1.16597e-48
426.2 1.16943e-48
427.28 1.17289e-48
428.37 1.17657e-48
429.46 1.18005e-48
430.55 1.18353e-48
431.64 1.18701e-48
432.73 1.19072e-48
433.83 1.19421e-48
434.93 1.19793e-48
436.04 1.20144e-48
437.14 1.20516e-48
438.25 1.2089e-48
439.36 1.21264e-48
440.48 1.21617e-48
441.6 1.21992e-48
442.72 1.22368e-48
443.84 1.22766e-48
444.97 1.23143e-48
446.1 1.23521e-48
447.23 1.23899e-48
448.36 1.243e-48
449.5 1.2468e-48
450.64 1.25059e-48
451.79 1.25462e-48
452.93 1.25866e-48
454.08 1.26248e-48
455.23 1.26653e-48
456.39 1.27058e-48
457.55 1.27464e-48
458.71 1.27871e-48
459.87 1.28278e-48
461.04 1.28686e-48
462.21 1.29095e-48
463.38 1.29527e-48
464.56 1.29937e-48
465.74 1.30348e-48
466.92 1.30782e-48
468.1 1.31194e-48
469.29 1.3163e-48
470.48 1.32066e-48
471.68 1.3248e-48
472.87 1.32918e-48
474.07 1.33356e-48
475.28 1.33795e-48
476.48 1.34235e-48
477.69 1.34676e-48
478.9 1.35141e-48
480.12 1.35583e-48
481.34 1.36026e-48
482.56 1.36492e-48
483.78 1.36937e-48
485.01 1.37405e-48
486.24 1.37851e-48
487.48 1.38321e-48
488.71 1.38792e-48
489.95 1.39264e-48
491.2 1.39736e-48
492.44 1.40209e-48
493.69 1.40683e-48
494.95 1.41158e-48
496.2 1.41634e-48
497.46 1.42134e-48
498.72 1.42611e-48
499.99 1.43113e-48
501.26 1.43592e-48
502.53 1.44096e-48
503.81 1.44577e-48
505.08 1.45082e-48
506.37 1.45588e-48
507.65 1.46096e-48
508.94 1.46604e-48
510.23 1.47113e-48
511.53 1.47623e-48
512.82 1.48133e-48
514.12 1.48669e-48
515.43 1.49182e-48
516.74 1.4972e-48
518.05 1.50234e-48
519.36 1.50774e-48
520.68 1.5129e-48
522 1.51832e-48
523.33 1.52374e-48
524.66 1.52918e-48
525.99 1.53463e-48
527.32 1.54008e-48
528.66 1.54555e-48
530 1.55127e-48
531.35 1.55676e-48
532.69 1.56225e-48
534.05 1.568e-48
535.4 1.57352e-48
536.76 1.57929e-48
538.12 1.58508e-48
539.49 1.59088e-48
540.86 1.59668e-48
542.23 1.6025e-48
543.61 1.60833e-48
544.99 1.61417e-48
546.37 1.62002e-48
547.75 1.62588e-48
549.14 1.63201e-48
550.54 1.63789e-48
551.94 1.64404e-48
553.34 1.64994e-48
554.74 1.65611e-48
556.15 1.66229e-48
557.56 1.66849e-48
558.97 1.67469e-48
560.39 1.68091e-48
561.81 1.68714e-48
563.24 1.69338e-48
564.67 1.69963e-48
566.1 1.70616e-48
567.54 1.71243e-48
568.98 1.71898e-48
570.42 1.72528e-48
571.87 1.73186e-48
573.32 1.73844e-48
574.78 1.74504e-48
576.24 1.75165e-48
577.7 1.75828e-48
579.16 1.76491e-48
580.63 1.77156e-48
582.11 1.77822e-48
583.58 1.78516e-48
585.07 1.79185e-48
586.55 1.79882e-48
588.04 1.8058e-48
589.53 1.81252e-48
591.03 1.81953e-48
592.53 1.82655e-48
594.03 1.83359e-48
595.54 1.84063e-48
597.05 1.8477e-48
598.56 1.85504e-48
600.08 1.86213e-48
601.61 1.86924e-48
603.13 1.87663e-48
604.66 1.88403e-48
606.2 1.89118e-48
607.74 1.89861e-48
609.28 1.90606e-48
610.82 1.91352e-48
612.37 1.921e-48
613.93 1.92849e-48
615.49 1.93599e-48
617.05 1.94379e-48
618.61 1.95133e-48
620.18 1.95916e-48
621.76 1.96673e-48
623.34 1.97459e-48
624.92 1.98246e-48
626.5 1.99036e-48
628.09 1.99826e-48
629.69 2.00619e-48
631.29 2.01413e-48
632.89 2.02208e-48
634.49 2.03006e-48
636.1 2.03833e-48
637.72 2.04633e-48
639.34 2.05464e-48
640.96 2.06296e-48
642.59 2.0713e-48
644.22 2.07936e-48
645.85 2.08774e-48
647.49 2.09641e-48
649.13 2.10482e-48
650.78 2.11324e-48
652.43 2.12168e-48
654.09 2.13043e-48
655.75 2.13891e-48
657.41 2.14769e-48
659.08 2.15649e-48
660.75 2.16531e-48
662.43 2.17415e-48
664.11 2.18301e-48
665.8 2.19188e-48
667.48 2.20077e-48
669.18 2.20968e-48
670.88 2.21891e-48
672.58 2.22785e-48
674.29 2.23712e-48
676 2.2464e-48
677.71 2.2554e-48
679.43 2.26472e-48
681.16 2.27406e-48
682.89 2.28342e-48
684.62 2.2931e-48
686.36 2.3025e-48
688.1 2.31192e-48
689.84 2.32166e-48
691.59 2.33112e-48
693.35 2.3409e-48
695.11 2.3507e-48
696.87 2.36052e-48
698.64 2.37037e-48
700.41 2.38023e-48
702.19 2.39012e-48
703.97 2.40002e-48
705.76 2.41026e-48
707.55 2.4202e-48
709.35 2.43048e-48
711.15 2.44078e-48
712.95 2.45079e-48
714.76 2.46113e-48
716.57 2.4715e-48
718.39 2.48189e-48
720.22 2.49261e-48
722.04 2.50304e-48
723.88 2.51349e-48
725.71 2.52429e-48
727.55 2.5351e-48
729.4 2.54562e-48
731.25 2.55648e-48
733.11 2.56737e-48
734.97 2.57827e-48
736.83 2.5892e-48
738.7 2.60048e-48
740.58 2.61146e-48
742.46 2.62246e-48
744.34 2.6338e-48
746.23 2.64518e-48
748.12 2.65625e-48
750.02 2.66767e-48
751.93 2.67911e-48
753.83 2.69058e-48
755.75 2.70241e-48
757.66 2.71393e-48
759.59 2.72547e-48
761.51 2.73737e-48
763.45 2.7493e-48
765.38 2.76091e-48
767.33 2.77289e-48
769.27 2.78489e-48
771.23 2.79692e-48
773.18 2.80898e-48
775.15 2.82139e-48
777.11 2.8335e-48
779.08 2.84597e-48
781.06 2.85813e-48
783.04 2.87065e-48
785.03 2.8832e-48
787.02 2.89578e-48
789.02 2.90839e-48
791.02 2.92102e-48
793.03 2.93403e-48
795.04 2.94672e-48
797.06 2.95978e-48
799.08 2.97252e-48
801.11 2.98598e-48
803.14 2.99948e-48
805.18 3.01717e-48
807.23 3.03665e-48
809.27 3.03909e-48
811.33 3.05201e-48
813.39 3.0653e-48
815.45 3.07862e-48
817.52 3.09232e-48
819.59 3.10605e-48
821.67 3.11982e-48
823.76 3.13361e-48
825.85 3.14743e-48
827.95 3.16128e-48
830.05 3.17517e-48
832.15 3.18944e-48
834.26 3.20338e-48
836.38 3.21772e-48
838.5 3.23208e-48
840.63 3.24648e-48
842.77 3.26091e-48
844.9 3.27538e-48
847.05 3.28987e-48
849.2 3.30476e-48
851.35 3.31932e-48
853.51 3.33428e-48
855.68 3.34927e-48
857.85 3.36429e-48
860.03 3.37935e-48
862.21 3.39444e-48
864.4 3.40956e-48
866.59 3.42472e-48
868.79 3.44028e-48
871 3.45551e-48
873.21 3.47114e-48
875.42 3.48681e-48
877.64 3.50251e-48
879.87 3.51825e-48
882.1 3.53402e-48
884.34 3.55021e-48
886.59 3.56605e-48
888.84 3.58231e-48
891.09 3.59861e-48
893.35 3.61456e-48
895.62 3.63093e-48
897.89 3.64734e-48
900.17 3.66416e-48
902.46 3.68064e-48
904.75 3.69754e-48
907.04 3.7141e-48
909.34 3.73108e-48
911.65 3.7481e-48
913.96 3.76515e-48
916.28 3.78225e-48
918.61 3.79938e-48
920.94 3.81655e-48
923.28 3.83416e-48
925.62 3.8518e-48
927.97 3.86909e-48
930.32 3.88681e-48
932.69 3.90458e-48
935.05 3.92238e-48
937.43 3.94062e-48
939.8 3.95851e-48
942.19 3.97683e-48
944.58 3.9948e-48
946.98 4.01321e-48
949.38 4.03166e-48
951.79 4.05016e-48
954.2 4.06869e-48
956.63 4.08768e-48
959.05 4.1063e-48
961.49 4.12537e-48
963.93 4.14407e-48
966.37 4.16323e-48
968.83 4.18243e-48
971.28 4.20168e-48
973.75 4.22138e-48
976.22 4.24072e-48
978.7 4.26051e-48
981.18 4.27993e-48
983.67 4.29982e-48
986.17 4.31975e-48
988.67 4.33972e-48
991.18 4.35974e-48
993.69 4.38023e-48
996.22 4.40035e-48
998.74 4.42093e-48
1001.3 4.44156e-48
1003.8 4.46223e-48
1006.4 4.48296e-48
1008.9 4.50373e-48
1011.5 4.52455e-48
1014 4.54585e-48
1016.6 4.56677e-48
1019.2 4.58816e-48
1021.8 4.60961e-48
1024.4 4.6311e-48
1027 4.65265e-48
1029.6 4.67468e-48
1032.2 4.69632e-48
1034.8 4.71845e-48
1037.4 4.7402e-48
1040.1 4.76243e-48
1042.7 4.78472e-48
1045.4 4.80749e-48
1048 4.82989e-48
1050.7 4.85233e-48
1053.3 4.87526e-48
1056 4.89825e-48
1058.7 4.9213e-48
1061.4 4.9444e-48
1064.1 4.96755e-48
1066.8 4.99076e-48
1069.5 5.01446e-48
1072.2 5.03778e-48
1074.9 5.0616e-48
1077.6 5.08548e-48
1080.4 5.10941e-48
1083.1 5.1334e-48
1085.9 5.1579e-48
1088.6 5.182e-48
1091.4 5.20661e-48
1094.2 5.23128e-48
1096.9 5.25601e-48
1099.7 5.2808e-48
1102.5 5.30565e-48
1105.3 5.33102e-48
1108.1 5.35598e-48
1110.9 5.38147e-48
1113.7 5.40702e-48
1116.6 5.43263e-48
1119.4 5.4583e-48
1122.2 5.4845e-48
1125.1 5.51029e-48
1127.9 5.53661e-48
1130.8 5.56299e-48
1133.7 5.58944e-48
1136.6 5.61595e-48
1139.4 5.64253e-48
1142.3 5.66964e-48
1145.2 5.69634e-48
1148.1 5.72358e-48
1151 5.75088e-48
1154 5.77825e-48
1156.9 5.80617e-48
1159.8 5.83367e-48
1162.8 5.86173e-48
1165.7 5.88936e-48
1168.7 5.91754e-48
1171.7 5.94579e-48
1174.6 5.9746e-48
1177.6 6.00299e-48
1180.6 6.03144e-48
1183.6 6.06046e-48
1186.6 6.08954e-48
1189.6 6.1187e-48
1192.6 6.14792e-48
1195.7 6.17771e-48
1198.7 6.20707e-48
1201.7 6.23701e-48
1204.8 6.26701e-48
1207.8 6.29709e-48
1210.9 6.32724e-48
1214 6.35746e-48
1217.1 6.38826e-48
1220.1 6.41913e-48
1223.2 6.44957e-48
1226.3 6.4811e-48
1229.5 6.51219e-48
1232.6 6.54336e-48
1235.7 6.57512e-48
1238.8 6.60644e-48
1242 6.63835e-48
1245.1 6.67034e-48
1248.3 6.70292e-48
1251.5 6.73506e-48
1254.6 6.7678e-48
1257.8 6.8001e-48
1261 6.833e-48
1264.2 6.86597e-48
1267.4 6.89955e-48
1270.6 6.93269e-48
1273.9 6.96643e-48
1277.1 7.00026e-48
1280.3 7.03363e-48
1283.6 7.06815e-48
1286.8 7.10222e-48
1290.1 7.13638e-48
1293.4 7.17115e-48
1296.7 7.206e-48
1300 7.24094e-48
1303.3 7.27597e-48
1306.6 7.31162e-48
1309.9 7.34681e-48
1313.2 7.38263e-48
1316.5 7.41854e-48
1319.9 7.45454e-48
1323.2 7.49062e-48
1326.6 7.52734e-48
1329.9 7.56415e-48
1333.3 7.6005e-48
1336.7 7.63804e-48
1340.1 7.67512e-48
1343.5 7.71228e-48
1346.9 7.7501e-48
1350.3 7.78801e-48
1353.8 7.82601e-48
1357.2 7.8641e-48
1360.6 7.90228e-48
1364.1 7.94112e-48
1367.5 7.9795e-48
1371 8.01852e-48
1374.5 8.05765e-48
1378 8.09744e-48
1381.5 8.13676e-48
1385 8.17674e-48
1388.5 8.21682e-48
1392 8.257e-48
1395.6 8.29728e-48
1399.1 8.33766e-48
1402.7 8.37871e-48
1406.2 8.41986e-48
1409.8 8.46112e-48
1413.4 8.50247e-48
1416.9 8.54393e-48
1420.5 8.58607e-48
1424.1 8.62832e-48
1427.8 8.67067e-48
1431.4 8.71312e-48
1435 8.75627e-48
1438.7 8.79894e-48
1442.3 8.8423e-48
1446 8.88576e-48
1449.6 8.92934e-48
1453.3 8.97362e-48
1457 9.01741e-48
1460.7 9.06191e-48
1464.4 9.10651e-48
1468.1 9.15123e-48
1471.8 9.19666e-48
1475.6 9.2416e-48
1479.3 9.28726e-48
1483.1 9.33302e-48
1486.8 9.37891e-48
1490.6 9.42551e-48
1494.4 9.47162e-48
1498.2 9.51846e-48
1502 9.56541e-48
1505.8 9.61248e-48
1509.6 9.66029e-48
1513.5 9.70821e-48
1517.3 9.75625e-48
1521.2 9.80441e-48
1525 9.85269e-48
1528.9 9.90172e-48
1532.8 9.95024e-48
1536.7 9.99951e-48
1540.6 1.00489e-47
1544.5 1.0099e-47
1548.4 1.01487e-47
1552.3 1.01991e-47
1556.2 1.02496e-47
1560.2 1.03002e-47
1564.2 1.03517e-47
1568.1 1.04032e-47
1572.1 1.04542e-47
1576.1 1.05067e-47
1580.1 1.05586e-47
1584.1 1.06107e-47
1588.1 1.06635e-47
1592.2 1.07165e-47
1596.2 1.07696e-47
1600.2 1.08234e-47
1604.3 1.08775e-47
1608.4 1.09316e-47
1612.5 1.09952e-47
1616.6 1.10403e-47
1620.7 1.10949e-47
1624.8 1.11503e-47
1628.9 1.12058e-47
1633 1.12614e-47
1637.2 1.13178e-47
1641.3 1.13744e-47
1645.5 1.14312e-47
1649.7 1.1488e-47
1653.8 1.1545e-47
1658 1.16029e-47
1662.3 1.16609e-47
1666.5 1.1719e-47
1670.7 1.17773e-47
1674.9 1.18357e-47
1679.2 1.18949e-47
1683.5 1.19543e-47
1687.7 1.20145e-47
1692 1.20742e-47
1696.3 1.21348e-47
1700.6 1.21955e-47
1704.9 1.22563e-47
1709.2 1.23173e-47
1713.6 1.23791e-47
1717.9 1.24411e-47
1722.3 1.25033e-47
1726.7 1.25656e-47
1731 1.26288e-47
1735.4 1.26921e-47
1739.8 1.27556e-47
1744.3 1.28193e-47
1748.7 1.28838e-47
1753.1 1.29485e-47
1757.6 1.30133e-47
1762 1.30783e-47
1766.5 1.31443e-47
1771 1.32103e-47
1775.5 1.32765e-47
1780 1.33429e-47
1784.5 1.34102e-47
1789 1.34777e-47
1793.6 1.35453e-47
1798.1 1.36131e-47
1802.7 1.36819e-47
1807.3 1.37507e-47
1811.8 1.38198e-47
1816.4 1.3889e-47
1821.1 1.39592e-47
1825.7 1.40295e-47
1830.3 1.41e-47
1835 1.41707e-47
1839.6 1.42423e-47
1844.3 1.43141e-47
1849 1.43861e-47
1853.6 1.44582e-47
1858.4 1.45313e-47
1863.1 1.46046e-47
1867.8 1.46781e-47
1872.5 1.47525e-47
1877.3 1.48264e-47
1882.1 1.49011e-47
1886.8 1.49769e-47
1891.6 1.50521e-47
1896.4 1.51282e-47
1901.2 1.52045e-47
1906.1 1.52811e-47
1910.9 1.53586e-47
1915.7 1.54363e-47
1920.6 1.55141e-47
1925.5 1.5593e-47
1930.4 1.56713e-47
1935.3 1.57506e-47
1940.2 1.58301e-47
1945.1 1.59105e-47
1950 1.59912e-47
1955 1.60721e-47
1959.9 1.61532e-47
1964.9 1.62353e-47
1969.9 1.63176e-47
1974.9 1.64001e-47
1979.9 1.64836e-47
1984.9 1.65665e-47
1990 1.66505e-47
1995 1.67355e-47
2000.1 1.68198e-47
2005.2 1.69053e-47
2010.3 1.69909e-47
2015.4 1.70776e-47
2020.5 1.71644e-47
2025.6 1.72516e-47
2030.7 1.73389e-47
2035.9 1.74273e-47
2041.1 1.75159e-47
2046.2 1.76047e-47
2051.4 1.76938e-47
2056.6 1.77839e-47
2061.9 1.78743e-47
2067.1 1.79649e-47
2072.3 1.80566e-47
2077.6 1.81485e-47
2082.9 1.82406e-47
2088.1 1.83338e-47
2093.4 1.84273e-47
2098.8 1.8521e-47
2104.1 1.86158e-47
2109.4 1.871e-47
2114.8 1.88052e-47
2120.1 1.89016e-47
2125.5 1.89974e-47
2130.9 1.90943e-47
2136.3 1.91923e-47
2141.7 1.92897e-47
2147.2 1.93882e-47
2152.6 1.94869e-47
2158.1 1.95868e-47
2163.6 1.9687e-47
2169.1 1.97874e-47
2174.6 1.98889e-47
2180.1 1.99898e-47
2185.6 2.00919e-47
2191.2 2.01951e-47
2196.7 2.02986e-47
2202.3 2.04024e-47
2207.9 2.05064e-47
2213.5 2.06116e-47
2219.1 2.07171e-47
2224.7 2.08228e-47
2230.4 2.09297e-47
2236 2.10369e-47
2241.7 2.11444e-47
2247.4 2.1253e-47
2253.1 2.1362e-47
2258.8 2.14712e-47
2264.6 2.15807e-47
2270.3 2.16914e-47
2276.1 2.18033e-47
2281.8 2.19146e-47
2287.6 2.20271e-47
2293.4 2.21398e-47
2299.3 2.22539e-47
2305.1 2.23682e-47
2310.9 2.24828e-47
2316.8 2.25986e-47
2322.7 2.27148e-47
2328.6 2.28312e-47
2334.5 2.29489e-47
2340.4 2.30669e-47
2346.4 2.31852e-47
2352.3 2.33048e-47
2358.3 2.34246e-47
2364.3 2.35448e-47
2370.3 2.36663e-47
2376.3 2.37881e-47
2382.3 2.39101e-47
2388.4 2.40335e-47
2394.4 2.41572e-47
2400.5 2.42812e-47
2406.6 2.44066e-47
2412.7 2.45322e-47
2418.8 2.46612e-47
2425 2.47865e-47
2431.1 2.49141e-47
2437.3 2.5043e-47
2443.5 2.51713e-47
2449.7 2.53019e-47
2455.9 2.54318e-47
2462.1 2.55631e-47
2468.4 2.56958e-47
2474.6 2.58288e-47
2480.9 2.59621e-47
2487.2 2.60958e-47
2493.5 2.62308e-47
2499.8 2.63662e-47
2506.2 2.65029e-47
2512.5 2.664e-47
2518.9 2.67775e-47
2525.3 2.69164e-47
2531.7 2.70556e-47
2538.1 2.71952e-47
2544.6 2.73362e-47
2551 2.74786e-47
2557.5 2.76203e-47
2564 2.77634e-47
2570.5 2.79069e-47
2577 2.80519e-47
2583.6 2.81972e-47
2590.1 2.83439e-47
2596.7 2.8491e-47
2603.3 2.86386e-47
2609.9 2.87875e-47
2616.5 2.89369e-47
2623.2 2.90866e-47
2629.8 2.92378e-47
2636.5 2.93905e-47
2643.2 2.95425e-47
2649.9 2.9696e-47
2656.6 2.98509e-47
2663.4 3.00063e-47
2670.1 3.01621e-47
2676.9 3.03193e-47
2683.7 3.0477e-47
2690.5 3.06351e-47
2697.3 3.07947e-47
2704.2 3.09548e-47
2711 3.11163e-47
2717.9 3.12783e-47
2724.8 3.14418e-47
2731.7 3.16046e-47
2738.7 3.17701e-47
2745.6 3.19361e-47
2752.6 3.21024e-47
2759.6 3.22692e-47
2766.6 3.24376e-47
2773.6 3.26075e-47
2780.6 3.27779e-47
2787.7 3.29487e-47
2794.7 3.31212e-47
2801.8 3.32941e-47
2809 3.34674e-47
2816.1 3.36423e-47
2823.2 3.38189e-47
2830.4 3.39959e-47
2837.6 3.41734e-47
2844.8 3.43525e-47
2852 3.45321e-47
2859.2 3.47121e-47
2866.5 3.4895e-47
2873.8 3.50772e-47
2881.1 3.5261e-47
2888.4 3.54454e-47
2895.7 3.56313e-47
2903 3.58178e-47
2910.4 3.6006e-47
2917.8 3.61947e-47
2925.2 3.6385e-47
2932.6 3.65759e-47
2940.1 3.67672e-47
2947.5 3.69603e-47
2955 3.71551e-47
2962.5 3.73504e-47
2970 3.75463e-47
2977.6 3.77438e-47
2985.1 3.79419e-47
2992.7 3.81417e-47
3000.3 3.83421e-47
3007.9 3.85442e-47
3015.5 3.87469e-47
3023.2 3.89513e-47
3030.9 3.91563e-47
3038.5 3.93618e-47
3046.3 3.95691e-47
3054 3.97782e-47
3061.7 3.99879e-47
3069.5 4.01981e-47
3077.3 4.04102e-47
3085.1 4.06241e-47
3092.9 4.08385e-47
3100.8 4.10535e-47
3108.7 4.12703e-47
3116.5 4.14878e-47
3124.5 4.17071e-47
3132.4 4.19282e-47
3140.3 4.21487e-47
3148.3 4.23723e-47
3156.3 4.25965e-47
3164.3 4.28213e-47
3172.3 4.3048e-47
3180.4 4.32753e-47
3188.5 4.35046e-47
3196.5 4.37357e-47
3204.7 4.39662e-47
3212.8 4.41999e-47
3220.9 4.44342e-47
3229.1 4.46692e-47
3237.3 4.49061e-47
3245.5 4.5145e-47
3253.8 4.53845e-47
3262 4.56246e-47
3270.3 4.58668e-47
3278.6 4.61109e-47
3286.9 4.63557e-47
3295.3 4.66011e-47
3303.6 4.68499e-47
3312 4.7098e-47
3320.4 4.73482e-47
3328.8 4.76003e-47
3337.3 4.78532e-47
3345.7 4.81081e-47
3354.2 4.83651e-47
3362.8 4.86227e-47
3371.3 4.88811e-47
3379.8 4.91415e-47
3388.4 4.9404e-47
3397 4.96673e-47
3405.6 4.99312e-47
3414.3 5.01986e-47
3422.9 5.04654e-47
3431.6 5.07357e-47
3440.3 5.10067e-47
3449.1 5.12785e-47
3457.8 5.15524e-47
3466.6 5.18285e-47
3475.4 5.21053e-47
3484.2 5.23843e-47
3493.1 5.2664e-47
3501.9 5.2946e-47
3510.8 5.32287e-47
3519.7 5.35136e-47
3528.6 5.38008e-47
3537.6 5.40887e-47
3546.6 5.43788e-47
3555.6 5.46698e-47
3564.6 5.49629e-47
3573.6 5.52584e-47
3582.7 5.55547e-47
3591.8 5.58532e-47
3600.9 5.61525e-47
3610.1 5.64542e-47
3619.2 5.67566e-47
3628.4 5.70629e-47
3637.6 5.73685e-47
3646.8 5.76779e-47
3656.1 5.79882e-47
3665.4 5.82993e-47
3674.7 5.86143e-47
3684 5.89287e-47
3693.4 5.92469e-47
3702.7 5.9566e-47
3712.1 5.98875e-47
3721.5 6.02098e-47
3731 6.05346e-47
3740.5 6.08603e-47
3749.9 6.11899e-47
3759.5 6.15189e-47
3769 6.18519e-47
3778.6 6.21858e-47
3788.2 6.25222e-47
3797.8 6.28595e-47
3807.4 6.31993e-47
3817.1 6.35416e-47
3826.8 6.38865e-47
3836.5 6.42322e-47
3846.2 6.45789e-47
3856 6.49298e-47
3865.7 6.52816e-47
3875.6 6.56343e-47
3885.4 6.59913e-47
3895.3 6.63492e-47
3905.1 6.67081e-47
3915 6.70712e-47
3925 6.74353e-47
3934.9 6.78004e-47
3944.9 6.81698e-47
3954.9 6.85402e-47
3965 6.89132e-47
3975 6.92873e-47
3985.1 6.96641e-47
3995.2 7.00435e-47
4005.4 7.04257e-47
4015.5 7.08089e-47
4025.7 7.11948e-47
4035.9 7.15834e-47
4046.2 7.19732e-47
4056.5 7.23656e-47
4066.8 7.27609e-47
4077.1 7.31589e-47
4087.4 7.35581e-47
4097.8 7.396e-47
4108.2 7.4363e-47
4118.6 7.47706e-47
4129.1 7.51793e-47
4139.5 7.55909e-47
4150.1 7.60053e-47
4160.6 7.64208e-47
4171.1 7.68392e-47
4181.7 7.72606e-47
4192.3 7.76831e-47
4203 7.81102e-47
4213.6 7.85386e-47
4224.3 7.89699e-47
4235.1 7.94024e-47
4245.8 7.98396e-47
4256.6 8.0278e-47
4267.4 8.07194e-47
4278.2 8.11621e-47
4289.1 8.16095e-47
4300 8.20582e-47
4310.9 8.251e-47
4321.8 8.29648e-47
4332.8 8.34226e-47
4343.8 8.38818e-47
4354.8 8.4344e-47
4365.8 8.48094e-47
4376.9 8.52778e-47
4388 8.57476e-47
4399.2 8.62224e-47
4410.3 8.66984e-47
4421.5 8.71777e-47
4432.7 8.76602e-47
4444 8.81439e-47
4455.3 8.86328e-47
4466.6 8.9123e-47
4477.9 8.96165e-47
4489.3 9.01133e-47
4500.7 9.06133e-47
4512.1 9.11166e-47
4523.5 9.16213e-47
4535 9.21293e-47
4546.5 9.26426e-47
4558.1 9.31572e-47
4569.6 9.36734e-47
4581.2 9.41948e-47
4592.8 9.47196e-47
4604.5 9.52459e-47
4616.2 9.57756e-47
4627.9 9.63107e-47
4639.6 9.68472e-47
4651.4 9.73873e-47
4663.2 9.79288e-47
4675.1 9.84759e-47
4686.9 9.90264e-47
4698.8 9.95784e-47
4710.7 1.0014e-46
4722.7 1.00701e-46
4734.7 1.01264e-46
4746.7 1.01828e-46
4758.7 1.02394e-46
4770.8 1.02962e-46
4782.9 1.03551e-46
4795.1 1.04122e-46
4807.2 1.04714e-46
4819.4 1.05288e-46
4831.7 1.05884e-46
4843.9 1.06482e-46
4856.2 1.07081e-46
4868.5 1.07682e-46
4880.9 1.08285e-46
4893.3 1.08889e-46
4905.7 1.09516e-46
4918.1 1.10124e-46
4930.6 1.10755e-46
4943.1 1.11366e-46
4955.7 1.12e-46
4968.3 1.12636e-46
4980.9 1.13273e-46
4993.5 1.13913e-46
5006.2 1.14554e-46
5018.9 1.15197e-46
5031.6 1.15842e-46
5044.4 1.1651e-46
5057.2 1.17159e-46
5070 1.17831e-46
5082.9 1.18483e-46
5095.8 1.19159e-46
5108.7 1.19837e-46
5121.7 1.20516e-46
5134.7 1.21198e-46
5147.7 1.21904e-46
5160.8 1.22589e-46
5173.9 1.23277e-46
5187 1.23988e-46
5200.2 1.2468e-46
5213.4 1.25395e-46
5226.6 1.26113e-46
5239.9 1.26833e-46
5253.1 1.27554e-46
5266.5 1.28278e-46
5279.8 1.29027e-46
5293.2 1.29755e-46
5306.7 1.30485e-46
5320.1 1.3124e-46
5333.6 1.31997e-46
5347.2 1.32756e-46
5360.7 1.33518e-46
5374.4 1.34282e-46
5388 1.35048e-46
5401.7 1.35816e-46
5415.4 1.36586e-46
5429.1 1.37382e-46
5442.9 1.3818e-46
5456.7 1.38957e-46
5470.5 1.3976e-46
5484.4 1.40565e-46
5498.4 1.41372e-46
5512.3 1.42182e-46
5526.3 1.43018e-46
5540.3 1.43832e-46
5554.4 1.44673e-46
5568.5 1.45492e-46
5582.6 1.46337e-46
5596.8 1.47185e-46
5611 1.48036e-46
5625.2 1.48889e-46
5639.5 1.49744e-46
5653.8 1.50627e-46
5668.1 1.51487e-46
5682.5 1.52374e-46
5696.9 1.53264e-46
5711.4 1.54157e-46
5725.9 1.55052e-46
5740.4 1.5595e-46
5755 1.56851e-46
5769.6 1.57754e-46
5784.2 1.58684e-46
5798.9 1.59593e-46
5813.6 1.60529e-46
5828.4 1.61468e-46
5843.2 1.6241e-46
5858 1.63354e-46
5872.9 1.64301e-46
5887.8 1.65277e-46
5902.7 1.66229e-46
5917.7 1.67211e-46
5932.7 1.68195e-46
5947.8 1.69182e-46
5962.9 1.70172e-46
5978 1.71165e-46
5993.2 1.72161e-46
6008.4 1.73186e-46
6023.6 1.74187e-46
6038.9 1.75218e-46
6054.2 1.76252e-46
6069.6 1.77289e-46
6085 1.78329e-46
6100.4 1.79399e-46
6115.9 1.80445e-46
6131.4 1.81522e-46
6147 1.82574e-46
6162.6 1.83657e-46
6178.2 1.84742e-46
6193.9 1.85831e-46
6209.6 1.86924e-46
6225.4 1.88046e-46
6241.2 1.89145e-46
6257 1.90274e-46
6272.9 1.91407e-46
6288.8 1.92543e-46
6304.8 1.93683e-46
6320.8 1.94826e-46
6336.8 1.96e-46
6352.9 1.9715e-46
6369 1.98331e-46
6385.2 1.99516e-46
6401.4 2.00704e-46
6417.6 2.01896e-46
6433.9 2.0312e-46
6450.3 2.04318e-46
6466.6 2.0555e-46
6483 2.06784e-46
6499.5 2.08023e-46
6516 2.09265e-46
6532.5 2.10511e-46
6549.1 2.11761e-46
6565.7 2.13043e-46
6582.4 2.1433e-46
6599.1 2.1562e-46
6615.8 2.16914e-46
6632.6 2.18212e-46
6649.4 2.19514e-46
6666.3 2.20849e-46
6683.2 2.22189e-46
6700.2 2.23532e-46
6717.2 2.2488e-46
6734.2 2.26232e-46
6751.3 2.27587e-46
6768.5 2.28977e-46
6785.6 2.30372e-46
6802.9 2.3174e-46
6820.1 2.33173e-46
6837.4 2.3458e-46
6854.8 2.35991e-46
6872.2 2.37437e-46
6889.6 2.38857e-46
6907.1 2.40312e-46
6924.6 2.41771e-46
6942.2 2.43266e-46
6959.8 2.44735e-46
6977.5 2.46239e-46
6995.2 2.47748e-46
7012.9 2.49261e-46
7030.7 2.50779e-46
7048.6 2.52301e-46
7066.5 2.5386e-46
7084.4 2.55392e-46
7102.4 2.56961e-46
7120.4 2.58534e-46
7138.5 2.60145e-46
7156.6 2.61728e-46
7174.8 2.63348e-46
7193 2.64941e-46
7211.2 2.66571e-46
7229.5 2.68239e-46
7247.9 2.69879e-46
7266.3 2.71557e-46
7284.7 2.73208e-46
7303.2 2.74896e-46
7321.7 2.7659e-46
7340.3 2.78322e-46
7358.9 2.80027e-46
7377.6 2.8177e-46
7396.3 2.83518e-46
7415.1 2.85272e-46
7433.9 2.87031e-46
7452.8 2.8883e-46
7471.7 2.90634e-46
7490.6 2.92444e-46
7509.7 2.9426e-46
7528.7 2.96081e-46
7547.8 2.97942e-46
7567 2.99809e-46
7586.2 3.01647e-46
7605.4 3.03561e-46
7624.7 3.05446e-46
7644.1 3.07371e-46
7663.5 3.09267e-46
7682.9 3.11205e-46
7702.4 3.13184e-46
7722 3.15134e-46
7741.6 3.17125e-46
7761.2 3.19122e-46
7780.9 3.21126e-46
7800.6 3.23137e-46
7820.4 3.25189e-46
7840.3 3.27212e-46
7860.2 3.29277e-46
7880.1 3.31349e-46
7900.1 3.33464e-46
7920.2 3.35586e-46
7940.3 3.37677e-46
7960.4 3.39812e-46
7980.6 3.41991e-46
8000.9 3.4414e-46
8021.2 3.46332e-46
8041.5 3.48532e-46
8061.9 3.50738e-46
8082.4 3.52989e-46
8102.9 3.55247e-46
8123.5 3.57512e-46
8144.1 3.59785e-46
8164.8 3.62065e-46
8185.5 3.6439e-46
8206.2 3.66723e-46
8227.1 3.69063e-46
8248 3.7141e-46
8268.9 3.73804e-46
8289.9 3.76205e-46
8310.9 3.78614e-46
8332 3.8103e-46
8353.1 3.83494e-46
8374.3 3.85965e-46
8395.6 3.88445e-46
8416.9 3.90932e-46
8438.3 3.93467e-46
8459.7 3.9601e-46
8481.1 3.98561e-46
8502.7 4.01121e-46
8524.2 4.03729e-46
8545.9 4.06345e-46
8567.6 4.0897e-46
8589.3 4.11644e-46
8611.1 4.14285e-46
8632.9 4.16976e-46
8654.8 4.19676e-46
8676.8 4.22426e-46
8698.8 4.25184e-46
8720.9 4.27952e-46
8743 4.30729e-46
8765.2 4.33556e-46
8787.5 4.36392e-46
8809.8 4.39238e-46
8832.1 4.42093e-46
8854.5 4.44999e-46
8877 4.47915e-46
8899.5 4.5084e-46
8922.1 4.53818e-46
8944.8 4.56762e-46
8967.5 4.59802e-46
8990.2 4.62809e-46
9013 4.65869e-46
9035.9 4.68939e-46
9058.8 4.72019e-46
9081.8 4.75153e-46
9104.9 4.78253e-46
9128 4.81451e-46
9151.1 4.84616e-46
9174.4 4.87836e-46
9197.6 4.91066e-46
9221 4.94306e-46
9244.4 4.97602e-46
9267.8 5.00909e-46
9291.4 5.04227e-46
9314.9 5.07601e-46
9338.6 5.10986e-46
9362.3 5.14382e-46
9386 5.1779e-46
9409.9 5.21255e-46
9433.7 5.24731e-46
9457.7 5.28264e-46
9481.7 5.3181e-46
9505.7 5.35367e-46
9529.9 5.38936e-46
9554 5.42564e-46
9578.3 5.46204e-46
9602.6 5.49856e-46
9627 5.53567e-46
9651.4 5.5729e-46
9675.9 5.61074e-46
9700.4 5.64823e-46
9725.1 5.68632e-46
9749.7 5.72501e-46
9774.5 5.76384e-46
9799.3 5.8028e-46
9824.2 5.84189e-46
9849.1 5.8816e-46
9874.1 5.92144e-46
9899.1 5.96141e-46
9924.3 6.00201e-46
9949.4 6.04275e-46
9974.7 6.08412e-46
10000 6.12563e-46
